(4.5,4.75) (4.5,4.25) (7.5,4.25) (7.5,4.75) (4.5,4.75) (0)
(4.495004165278026,4.849833416646828) (4.495004165278026,4.349833416646828) (7.495004165278026,4.349833416646828) (7.495004165278026,4.849833416646828) (4.495004165278026,4.849833416646828) (0.1)
(4.480066577841241,4.948669330795061) (4.480066577841241,4.448669330795061) (7.480066577841241,4.448669330795061) (7.480066577841241,4.948669330795061) (4.480066577841241,4.948669330795061) (0.2)
(4.455336489125606,5.045520206661339) (4.455336489125606,4.545520206661339) (7.455336489125606,4.545520206661339) (7.455336489125606,5.045520206661339) (4.455336489125606,5.045520206661339) (0.30000000000000004)
(4.421060994002885,5.139418342308651) (4.421060994002885,4.639418342308651) (7.421060994002885,4.639418342308651) (7.421060994002885,5.139418342308651) (4.421060994002885,5.139418342308651) (0.4)
(4.377582561890373,5.229425538604203) (4.377582561890373,4.729425538604203) (7.377582561890373,4.729425538604203) (7.377582561890373,5.229425538604203) (4.377582561890373,5.229425538604203) (0.5)
(4.325335614909679,5.314642473395035) (4.325335614909679,4.814642473395035) (7.325335614909679,4.814642473395035) (7.325335614909679,5.314642473395035) (4.325335614909679,5.314642473395035) (0.6)
(4.264842187284488,5.394217687237691) (4.264842187284488,4.894217687237691) (7.264842187284488,4.894217687237691) (7.264842187284488,5.394217687237691) (4.264842187284488,5.394217687237691) (0.7)
(4.196706709347166,5.467356090899523) (4.196706709347166,4.967356090899523) (7.196706709347166,4.967356090899523) (7.196706709347166,5.467356090899523) (4.196706709347166,5.467356090899523) (0.7999999999999999)
(4.121609968270665,5.533326909627483) (4.121609968270665,5.033326909627483) (7.121609968270665,5.033326909627483) (7.121609968270665,5.533326909627483) (4.121609968270665,5.533326909627483) (0.8999999999999999)
(4.04030230586814,5.591470984807897) (4.04030230586814,5.091470984807897) (7.04030230586814,5.091470984807897) (7.04030230586814,5.591470984807897) (4.04030230586814,5.591470984807897) (0.9999999999999999)
(3.9535961214255773,5.641207360061435) (3.9535961214255773,5.141207360061435) (6.953596121425577,5.141207360061435) (6.953596121425577,5.641207360061435) (3.9535961214255773,5.641207360061435) (1.0999999999999999)
(3.8623577544766734,5.682039085967226) (3.8623577544766734,5.182039085967226) (6.862357754476673,5.182039085967226) (6.862357754476673,5.682039085967226) (3.8623577544766734,5.682039085967226) (1.2)
(3.7674988286245874,5.713558185417193) (3.7674988286245874,5.213558185417193) (6.767498828624587,5.213558185417193) (6.767498828624587,5.713558185417193) (3.7674988286245874,5.713558185417193) (1.3)
(3.6699671429002407,5.73544972998846) (3.6699671429002407,5.23544972998846) (6.669967142900241,5.23544972998846) (6.669967142900241,5.73544972998846) (3.6699671429002407,5.73544972998846) (1.4000000000000001)
(3.5707372016677024,5.747494986604054) (3.5707372016677024,5.247494986604054) (6.570737201667702,5.247494986604054) (6.570737201667702,5.747494986604054) (3.5707372016677024,5.747494986604054) (1.5000000000000002)
(3.4708004776987114,5.749573603041505) (3.4708004776987114,5.249573603041505) (6.470800477698711,5.249573603041505) (6.470800477698711,5.749573603041505) (3.4708004776987114,5.749573603041505) (1.6000000000000003)
(3.3711555057044746,5.741664810452469) (3.3711555057044746,5.241664810452469) (6.371155505704475,5.241664810452469) (6.371155505704475,5.741664810452469) (3.3711555057044746,5.741664810452469) (1.7000000000000004)
(3.2727979053069127,5.723847630878195) (3.2727979053069127,5.223847630878195) (6.272797905306913,5.223847630878195) (6.272797905306913,5.723847630878195) (3.2727979053069127,5.723847630878195) (1.8000000000000005)
(3.1767104331364964,5.696300087687415) (3.1767104331364964,5.196300087687415) (6.176710433136496,5.196300087687415) (6.176710433136496,5.696300087687415) (3.1767104331364964,5.696300087687415) (1.9000000000000006)
(3.083853163452857,5.659297426825681) (3.083853163452857,5.159297426825681) (6.083853163452857,5.159297426825681) (6.083853163452857,5.659297426825681) (3.083853163452857,5.659297426825681) (2.0000000000000004)
(2.9951538954001418,5.613209366648873) (2.9951538954001418,5.113209366648873) (5.995153895400142,5.113209366648873) (5.995153895400142,5.613209366648873) (2.9951538954001418,5.613209366648873) (2.1000000000000005)
(2.911498882744654,5.55849640381959) (2.911498882744654,5.05849640381959) (5.911498882744654,5.05849640381959) (5.911498882744654,5.55849640381959) (2.911498882744654,5.55849640381959) (2.2000000000000006)
(2.833723978720175,5.49570521217672) (2.833723978720175,4.99570521217672) (5.833723978720175,4.99570521217672) (5.833723978720175,5.49570521217672) (2.833723978720175,5.49570521217672) (2.3000000000000007)
(2.7626062844587542,5.425463180551151) (2.7626062844587542,4.925463180551151) (5.762606284458754,4.925463180551151) (5.762606284458754,5.425463180551151) (2.7626062844587542,5.425463180551151) (2.400000000000001)
(2.698856384453066,5.3484721441039556) (2.698856384453066,4.8484721441039556) (5.698856384453066,4.8484721441039556) (5.698856384453066,5.3484721441039556) (2.698856384453066,5.3484721441039556) (2.500000000000001)
(2.6431112466310527,5.265501371821463) (2.6431112466310527,4.765501371821463) (5.643111246631053,4.765501371821463) (5.643111246631053,5.265501371821463) (2.6431112466310527,5.265501371821463) (2.600000000000001)
(2.5959278579829386,5.177379880233829) (2.5959278579829386,4.677379880233829) (5.595927857982939,4.677379880233829) (5.595927857982939,5.177379880233829) (2.5959278579829386,5.177379880233829) (2.700000000000001)
(2.5577776593313413,5.084988150155904) (2.5577776593313413,4.584988150155904) (5.557777659331341,4.584988150155904) (5.557777659331341,5.084988150155904) (2.5577776593313413,5.084988150155904) (2.800000000000001)
(2.5290418348504096,4.9892493292139815) (2.5290418348504096,4.4892493292139815) (5.52904183485041,4.4892493292139815) (5.52904183485041,4.9892493292139815) (2.5290418348504096,4.9892493292139815) (2.9000000000000012)
(2.510007503399555,4.891120008059866) (2.510007503399555,4.391120008059866) (5.510007503399555,4.391120008059866) (5.510007503399555,4.891120008059866) (2.510007503399555,4.891120008059866) (3.0000000000000013)
(2.500864849726721,4.791580662433289) (2.500864849726721,4.291580662433289) (5.500864849726721,4.291580662433289) (5.500864849726721,4.791580662433289) (2.500864849726721,4.791580662433289) (3.1000000000000014)
(2.5017052242052467,4.6916258565724185) (2.5017052242052467,4.1916258565724185) (5.501705224205247,4.1916258565724185) (5.501705224205247,4.6916258565724185) (2.5017052242052467,4.6916258565724185) (3.2000000000000015)
(2.512520230091136,4.59225430585675) (2.512520230091136,4.09225430585675) (5.512520230091136,4.09225430585675) (5.512520230091136,4.59225430585675) (2.512520230091136,4.59225430585675) (3.3000000000000016)
(2.5332018074205394,4.494458897973167) (2.5332018074205394,3.9944588979731668) (5.533201807420539,3.9944588979731668) (5.533201807420539,4.494458897973167) (2.5332018074205394,4.494458897973167) (3.4000000000000017)
(2.5635433127092044,4.399216772310378) (2.5635433127092044,3.8992167723103783) (5.563543312709204,3.8992167723103783) (5.563543312709204,4.399216772310378) (2.5635433127092044,4.399216772310378) (3.5000000000000018)
(2.603241583665854,4.307479556705146) (2.603241583665854,3.807479556705146) (5.603241583665854,3.807479556705146) (5.603241583665854,4.307479556705146) (2.603241583665854,4.307479556705146) (3.600000000000002)
(2.6518999682895927,4.220163859091505) (2.6518999682895927,3.720163859091505) (5.651899968289593,3.720163859091505) (5.651899968289593,4.220163859091505) (2.6518999682895927,4.220163859091505) (3.700000000000002)
(2.7090322880855844,4.138142109057279) (2.7090322880855844,3.6381421090572794) (5.709032288085584,3.6381421090572794) (5.709032288085584,4.138142109057279) (2.7090322880855844,4.138142109057279) (3.800000000000002)
(2.774067695799861,4.062233840816025) (2.774067695799861,3.562233840816025) (5.774067695799861,3.562233840816025) (5.774067695799861,4.062233840816025) (2.774067695799861,4.062233840816025) (3.900000000000002)
(2.846356379136389,3.9931975046920707) (2.846356379136389,3.4931975046920707) (5.846356379136389,3.4931975046920707) (5.846356379136389,3.9931975046920707) (2.846356379136389,3.9931975046920707) (4.000000000000002)
(2.925176053466732,3.931722888935589) (2.925176053466732,3.431722888935589) (5.925176053466732,3.431722888935589) (5.925176053466732,3.931722888935589) (2.925176053466732,3.931722888935589) (4.100000000000001)
(3.0097391786593013,3.8784242275864114) (3.0097391786593013,3.3784242275864114) (6.009739178659301,3.3784242275864114) (6.009739178659301,3.8784242275864114) (3.0097391786593013,3.8784242275864114) (4.200000000000001)
(3.0992008279200256,3.8338340632505448) (3.0992008279200256,3.3338340632505448) (6.099200827920026,3.3338340632505448) (6.099200827920026,3.8338340632505448) (3.0992008279200256,3.8338340632505448) (4.300000000000001)
(3.1926671300215803,3.798397926110484) (3.1926671300215803,3.298397926110484) (6.19266713002158,3.298397926110484) (6.19266713002158,3.798397926110484) (3.1926671300215803,3.798397926110484) (4.4)
(3.2892042005692206,3.772469882334903) (3.2892042005692206,3.272469882334903) (6.289204200569221,3.272469882334903) (6.289204200569221,3.772469882334903) (3.2892042005692206,3.772469882334903) (4.5)
(3.3878474730649453,3.7563089963665357) (3.3878474730649453,3.2563089963665357) (6.387847473064945,3.2563089963665357) (6.387847473064945,3.7563089963665357) (3.3878474730649453,3.7563089963665357) (4.6)
(3.4876113365371086,3.7500767424358994) (3.4876113365371086,3.2500767424358994) (6.487611336537109,3.2500767424358994) (6.487611336537109,3.7500767424358994) (3.4876113365371086,3.7500767424358994) (4.699999999999999)
(3.5874989834394455,3.7538353911641593) (3.5874989834394455,3.2538353911641593) (6.5874989834394455,3.2538353911641593) (6.5874989834394455,3.7538353911641593) (3.5874989834394455,3.7538353911641593) (4.799999999999999)
(3.686512369422574,3.767547387375667) (3.686512369422574,3.267547387375667) (6.686512369422574,3.267547387375667) (6.686512369422574,3.767547387375667) (3.686512369422574,3.767547387375667) (4.899999999999999)
(3.783662185463225,3.791075725336861) (3.783662185463225,3.291075725336861) (6.783662185463225,3.291075725336861) (6.783662185463225,3.791075725336861) (3.783662185463225,3.791075725336861) (4.999999999999998)
(3.8779777427129787,3.824185317672267) (3.8779777427129787,3.324185317672267) (6.877977742712979,3.324185317672267) (6.877977742712979,3.824185317672267) (3.8779777427129787,3.824185317672267) (5.099999999999998)
(3.9685166713003746,3.8665453442798454) (3.9685166713003746,3.3665453442798454) (6.9685166713003746,3.3665453442798454) (6.9685166713003746,3.8665453442798454) (3.9685166713003746,3.8665453442798454) (5.1999999999999975)
(4.054374336179158,3.9177325577760973) (4.054374336179158,3.4177325577760973) (7.054374336179158,3.4177325577760973) (7.054374336179158,3.9177325577760973) (4.054374336179158,3.9177325577760973) (5.299999999999997)
(4.134692875942632,3.9772355124440106) (4.134692875942632,3.4772355124440106) (7.134692875942632,3.4772355124440106) (7.134692875942632,3.9772355124440106) (4.134692875942632,3.9772355124440106) (5.399999999999997)
(4.208669774291257,4.044459674429605) (4.208669774291257,3.5444596744296053) (7.208669774291257,3.5444596744296053) (7.208669774291257,4.044459674429605) (4.208669774291257,4.044459674429605) (5.4999999999999964)
(4.275565878510247,4.118733362127676) (4.275565878510247,3.6187333621276756) (7.275565878510247,3.6187333621276756) (7.275565878510247,4.118733362127676) (4.275565878510247,4.118733362127676) (5.599999999999996)
(4.334712784839157,4.199314457402359) (4.334712784839157,3.699314457402359) (7.334712784839157,3.699314457402359) (7.334712784839157,4.199314457402359) (4.334712784839157,4.199314457402359) (5.699999999999996)
(4.385519516941317,4.285397820586239) (4.385519516941317,3.7853978205862386) (7.385519516941317,3.7853978205862386) (7.385519516941317,4.285397820586239) (4.385519516941317,4.285397820586239) (5.799999999999995)
(4.427478430744034,4.376123335169759) (4.427478430744034,3.8761233351697593) (7.427478430744034,3.8761233351697593) (7.427478430744034,4.376123335169759) (4.427478430744034,4.376123335169759) (5.899999999999995)
(4.4601702866503645,4.470584501801069) (4.4601702866503645,3.970584501801069) (7.4601702866503645,3.970584501801069) (7.4601702866503645,4.470584501801069) (4.4601702866503645,4.470584501801069) (5.999999999999995)
(4.483268438442583,4.567837495727899) (4.483268438442583,4.067837495727899) (7.483268438442583,4.067837495727899) (7.483268438442583,4.567837495727899) (4.483268438442583,4.567837495727899) (6.099999999999994)
(4.496542097023217,4.666910597182498) (4.496542097023217,4.166910597182498) (7.496542097023217,4.166910597182498) (7.496542097023217,4.666910597182498) (4.496542097023217,4.666910597182498) (6.199999999999994)
(4.499858636383415,4.766813900484343) (4.499858636383415,4.266813900484343) (7.499858636383415,4.266813900484343) (7.499858636383415,4.766813900484343) (4.499858636383415,4.766813900484343) (6.299999999999994)
(4.493184918758193,4.866549204850487) (4.493184918758193,4.366549204850487) (7.493184918758193,4.366549204850487) (7.493184918758193,4.866549204850487) (4.493184918758193,4.866549204850487) (6.399999999999993)
(4.476587625728025,4.9651199880878085) (4.476587625728025,4.4651199880878085) (7.476587625728025,4.4651199880878085) (7.476587625728025,4.9651199880878085) (4.476587625728025,4.9651199880878085) (6.499999999999993)
(4.450232591958532,5.0615413635133715) (4.450232591958532,4.5615413635133715) (7.450232591958532,4.5615413635133715) (7.450232591958532,5.0615413635133715) (4.450232591958532,5.0615413635133715) (6.5999999999999925)
(4.414383148235323,5.154849920616591) (4.414383148235323,4.654849920616591) (7.414383148235323,4.654849920616591) (7.414383148235323,5.154849920616591) (4.414383148235323,5.154849920616591) (6.699999999999992)
(4.369397490349829,5.244113351138601) (4.369397490349829,4.744113351138601) (7.369397490349829,4.744113351138601) (7.369397490349829,5.244113351138601) (4.369397490349829,5.244113351138601) (6.799999999999992)
(4.315725100125362,5.328439764388193) (4.315725100125362,4.828439764388193) (7.315725100125362,4.828439764388193) (7.315725100125362,5.328439764388193) (4.315725100125362,5.328439764388193) (6.8999999999999915)
(4.253902254343311,5.406986598718783) (4.253902254343311,4.906986598718783) (7.253902254343311,4.906986598718783) (7.253902254343311,5.406986598718783) (4.253902254343311,5.406986598718783) (6.999999999999991)
(4.184546666442813,5.47896904012587) (4.184546666442813,4.97896904012587) (7.184546666442813,4.97896904012587) (7.184546666442813,5.47896904012587) (4.184546666442813,5.47896904012587) (7.099999999999991)
(4.108351314532262,5.543667863849147) (4.108351314532262,5.043667863849147) (7.108351314532262,5.043667863849147) (7.108351314532262,5.543667863849147) (4.108351314532262,5.543667863849147) (7.19999999999999)
(4.026077517381114,5.600436620628559) (4.026077517381114,5.100436620628559) (7.026077517381114,5.100436620628559) (7.026077517381114,5.600436620628559) (4.026077517381114,5.600436620628559) (7.29999999999999)
(3.9385473275744003,5.648708095811623) (3.9385473275744003,5.148708095811623) (6.9385473275744,5.148708095811623) (6.9385473275744,5.648708095811623) (3.9385473275744003,5.648708095811623) (7.39999999999999)
(3.8466353178350357,5.687999976774735) (3.8466353178350357,5.187999976774735) (6.846635317835036,5.187999976774735) (6.846635317835036,5.687999976774735) (3.8466353178350357,5.687999976774735) (7.499999999999989)
(3.7512598425822663,5.717919672031484) (3.7512598425822663,5.217919672031484) (6.751259842582266,5.217919672031484) (6.751259842582266,5.717919672031484) (3.7512598425822663,5.717919672031484) (7.599999999999989)
(3.653373862037876,5.738168233876999) (3.653373862037876,5.238168233876999) (6.653373862037876,5.238168233876999) (6.653373862037876,5.738168233876999) (3.653373862037876,5.738168233876999) (7.699999999999989)
(3.5539554205626613,5.748543345374604) (3.5539554205626613,5.248543345374604) (6.553955420562661,5.248543345374604) (6.553955420562661,5.748543345374604) (3.5539554205626613,5.748543345374604) (7.799999999999988)
(3.453997874360476,5.748941341839773) (3.453997874360476,5.248941341839773) (6.453997874360476,5.248941341839773) (6.453997874360476,5.748941341839773) (3.453997874360476,5.748941341839773) (7.899999999999988)
(3.3544999661913986,5.739358246623383) (3.3544999661913986,5.239358246623383) (6.354499966191399,5.239358246623383) (6.354499966191399,5.739358246623383) (3.3544999661913986,5.739358246623383) (7.999999999999988)
(3.2564558462642212,5.719889810845089) (3.2564558462642212,5.219889810845089) (6.256455846264221,5.219889810845089) (6.256455846264221,5.719889810845089) (3.2564558462642212,5.719889810845089) (8.099999999999987)
(3.1608451390161774,5.690730556679777) (3.1608451390161774,5.190730556679777) (6.160845139016177,5.190730556679777) (6.160845139016177,5.690730556679777) (3.1608451390161774,5.690730556679777) (8.199999999999987)
(3.0686231550293916,5.6521718337563) (3.0686231550293916,5.1521718337563) (6.068623155029392,5.1521718337563) (6.068623155029392,5.6521718337563) (3.0686231550293916,5.6521718337563) (8.299999999999986)
(2.9807113458833268,5.604598908088288) (2.9807113458833268,5.104598908088288) (5.980711345883327,5.104598908088288) (5.980711345883327,5.604598908088288) (2.9807113458833268,5.604598908088288) (8.399999999999986)
(2.8979880973151877,5.548487112623499) (2.8979880973151877,5.048487112623499) (5.897988097315188,5.048487112623499) (5.897988097315188,5.548487112623499) (2.8979880973151877,5.548487112623499) (8.499999999999986)
(2.8212799526799976,5.4843970978741226) (2.8212799526799976,4.9843970978741226) (5.821279952679998,4.9843970978741226) (5.821279952679998,5.4843970978741226) (2.8212799526799976,5.4843970978741226) (8.599999999999985)
(2.7513533544026103,5.412969230082194) (2.7513533544026103,4.912969230082194) (5.75135335440261,4.912969230082194) (5.75135335440261,5.412969230082194) (2.7513533544026103,5.412969230082194) (8.699999999999985)
(2.6889069859383534,5.3349171928917745) (2.6889069859383534,4.8349171928917745) (5.688906985938353,4.8349171928917745) (5.688906985938353,5.3349171928917745) (2.6889069859383534,5.3349171928917745) (8.799999999999985)
(2.634564790758896,5.251020856457899) (2.634564790758896,4.751020856457899) (5.634564790758896,4.751020856457899) (5.634564790758896,5.251020856457899) (2.634564790758896,5.251020856457899) (8.899999999999984)
(2.5888697381153296,5.162118485241771) (2.5888697381153296,4.662118485241771) (5.58886973811533,4.662118485241771) (5.58886973811533,5.162118485241771) (2.5888697381153296,5.162118485241771) (8.999999999999984)
(2.5522783978688928,5.069098362349367) (2.5522783978688928,4.569098362349367) (5.552278397868893,4.569098362349367) (5.552278397868893,5.069098362349367) (2.5522783978688928,5.069098362349367) (9.099999999999984)
(2.52515637859584,4.972889914100263) (2.52515637859584,4.472889914100263) (5.52515637859584,4.472889914100263) (5.52515637859584,4.972889914100263) (2.52515637859584,4.972889914100263) (9.199999999999983)
(2.5077746745473988,4.874454423507079) (2.5077746745473988,4.374454423507079) (5.507774674547399,4.374454423507079) (5.507774674547399,4.874454423507079) (2.5077746745473988,4.874454423507079) (9.299999999999983)
(2.500306957964794,4.774775425453376) (2.500306957964794,4.274775425453376) (5.500306957964794,4.274775425453376) (5.500306957964794,4.774775425453376) (2.500306957964794,4.774775425453376) (9.399999999999983)
(2.5028278438036207,4.674848879538208) (2.5028278438036207,4.174848879538208) (5.502827843803621,4.174848879538208) (5.502827843803621,4.674848879538208) (2.5028278438036207,4.674848879538208) (9.499999999999982)
(2.51531214420587,4.5756732187770375) (2.51531214420587,4.0756732187770375) (5.51531214420587,4.0756732187770375) (5.51531214420587,4.5756732187770375) (2.51531214420587,4.5756732187770375) (9.599999999999982)
(2.5376351201686846,4.478239373589075) (2.5376351201686846,3.9782393735890746) (5.537635120168685,3.9782393735890746) (5.537635120168685,4.478239373589075) (2.5376351201686846,4.478239373589075) (9.699999999999982)
(2.5695737278952393,4.3835208707480895) (2.5695737278952393,3.8835208707480895) (5.569573727895239,3.8835208707480895) (5.569573727895239,4.3835208707480895) (2.5695737278952393,4.3835208707480895) (9.799999999999981)
(2.6108088473746305,4.292464106224696) (2.6108088473746305,3.7924641062246964) (5.6108088473746305,3.7924641062246964) (5.6108088473746305,4.292464106224696) (2.6108088473746305,4.292464106224696) (9.89999999999998)
(2.660928470923537,4.205978889110646) (2.660928470923537,3.7059788891106464) (5.660928470923537,3.7059788891106464) (5.660928470923537,4.205978889110646) (2.660928470923537,4.205978889110646) (9.99999999999998)
(2.7194318198308043,4.124929351107133) (2.7194318198308043,3.6249293511071334) (5.719431819830804,3.6249293511071334) (5.719431819830804,4.124929351107133) (2.7194318198308043,4.124929351107133) (10.09999999999998)
(2.7857343479727863,4.050125312406472) (2.7857343479727863,3.550125312406472) (5.785734347972786,3.550125312406472) (5.785734347972786,4.050125312406472) (2.7857343479727863,4.050125312406472) (10.19999999999998)
(2.85917358240499,3.982314190236431) (2.85917358240499,3.482314190236431) (5.85917358240499,3.482314190236431) (5.85917358240499,3.982314190236431) (2.85917358240499,3.982314190236431) (10.29999999999998)
(2.939015742572754,3.922173530914358) (2.939015742572754,3.422173530914358) (5.939015742572754,3.422173530914358) (5.939015742572754,3.922173530914358) (2.939015742572754,3.922173530914358) (10.399999999999979)
(3.0244630720039885,3.8703042400283403) (3.0244630720039885,3.3703042400283403) (6.0244630720039885,3.3703042400283403) (6.0244630720039885,3.8703042400283403) (3.0244630720039885,3.8703042400283403) (10.499999999999979)
(3.114661809228151,3.8272245783872014) (3.114661809228151,3.3272245783872014) (6.114661809228151,3.3272245783872014) (6.114661809228151,3.8272245783872014) (3.114661809228151,3.8272245783872014) (10.599999999999978)
(3.208710718278634,3.7933649837298185) (3.208710718278634,3.2933649837298185) (6.208710718278634,3.2933649837298185) (6.208710718278634,3.7933649837298185) (3.208710718278634,3.7933649837298185) (10.699999999999978)
(3.3056700935446424,3.769063769933513) (3.3056700935446424,3.269063769933513) (6.305670093544642,3.269063769933513) (6.305670093544642,3.769063769933513) (3.3056700935446424,3.769063769933513) (10.799999999999978)
(3.4045711489990262,3.754563746693625) (3.4045711489990262,3.254563746693625) (6.404571148999026,3.254563746693625) (6.404571148999026,3.754563746693625) (3.4045711489990262,3.754563746693625) (10.899999999999977)
(3.5044256979880277,3.7500097934492964) (3.5044256979880277,3.2500097934492964) (6.504425697988028,3.2500097934492964) (6.504425697988028,3.7500097934492964) (3.5044256979880277,3.7500097934492964) (10.999999999999977)
(3.6042360268656743,3.755447411796008) (3.6042360268656743,3.255447411796008) (6.604236026865674,3.255447411796008) (6.604236026865674,3.755447411796008) (3.6042360268656743,3.755447411796008) (11.099999999999977)
(3.7030048638187276,3.770822270848678) (3.7030048638187276,3.270822270848678) (6.703004863818728,3.270822270848678) (6.703004863818728,3.770822270848678) (3.7030048638187276,3.770822270848678) (11.199999999999976)
(3.7997453432769914,3.7959807500979035) (3.7997453432769914,3.2959807500979035) (6.799745343276991,3.2959807500979035) (6.799745343276991,3.7959807500979035) (3.7997453432769914,3.7959807500979035) (11.299999999999976)
(3.893490866347868,3.8306714743353147) (3.893490866347868,3.3306714743353147) (6.893490866347868,3.3306714743353147) (6.893490866347868,3.8306714743353147) (3.893490866347868,3.8306714743353147) (11.399999999999975)
(3.9833047587529844,3.8745478253115593) (3.9833047587529844,3.3745478253115593) (6.983304758752984,3.3745478253115593) (6.983304758752984,3.8745478253115593) (3.9833047587529844,3.8745478253115593) (11.499999999999975)
(4.068289629767953,3.927171405031277) (4.068289629767953,3.427171405031277) (7.068289629767953,3.427171405031277) (7.068289629767953,3.927171405031277) (4.068289629767953,3.927171405031277) (11.599999999999975)
(4.147596338653857,3.9880164160809506) (4.147596338653857,3.4880164160809506) (7.147596338653857,3.4880164160809506) (7.147596338653857,3.9880164160809506) (4.147596338653857,3.9880164160809506) (11.699999999999974)
(4.22043247899082,4.056474915222859) (4.22043247899082,3.5564749152228585) (7.22043247899082,3.5564749152228585) (7.22043247899082,4.056474915222859) (4.22043247899082,4.056474915222859) (11.799999999999974)
(4.286070296141023,4.131862887762946) (4.286070296141023,3.6318628877629457) (7.286070296141023,3.6318628877629457) (7.286070296141023,4.131862887762946) (4.286070296141023,4.131862887762946) (11.899999999999974)
(4.343853958732478,4.2134270819995425) (4.343853958732478,3.7134270819995425) (7.343853958732478,3.7134270819995425) (7.343853958732478,4.2134270819995425) (4.343853958732478,4.2134270819995425) (11.999999999999973)
(4.39320611150931,4.300352535465374) (4.39320611150931,3.8003525354653744) (7.39320611150931,3.8003525354653744) (7.39320611150931,4.300352535465374) (4.39320611150931,4.300352535465374) (12.099999999999973)
(4.433633644074628,4.391770717763146) (4.433633644074628,3.891770717763146) (7.433633644074628,3.891770717763146) (7.433633644074628,4.391770717763146) (4.433633644074628,4.391770717763146) (12.199999999999973)
(4.464732617886602,4.486768208634172) (4.464732617886602,3.986768208634172) (7.464732617886602,3.986768208634172) (7.464732617886602,4.486768208634172) (4.464732617886602,4.486768208634172) (12.299999999999972)
(4.486192302278859,4.584395824551662) (4.486192302278859,4.084395824551662) (7.486192302278859,4.084395824551662) (7.486192302278859,4.584395824551662) (4.486192302278859,4.584395824551662) (12.399999999999972)
(4.497798279178578,4.683678102648771) (4.497798279178578,4.183678102648771) (7.497798279178578,4.183678102648771) (7.497798279178578,4.683678102648771) (4.497798279178578,4.683678102648771) (12.499999999999972)
(4.499434585501006,4.783623047221108) (4.499434585501006,4.283623047221108) (7.499434585501006,4.283623047221108) (7.499434585501006,4.783623047221108) (4.499434585501006,4.783623047221108) (12.599999999999971)
(4.491084871814257,4.883232041419914) (4.491084871814257,4.383232041419914) (7.491084871814257,4.383232041419914) (7.491084871814257,4.883232041419914) (4.491084871814257,4.883232041419914) (12.69999999999997)
(4.472832565697442,4.98150982510151) (4.472832565697442,4.48150982510151) (7.472832565697442,4.48150982510151) (7.472832565697442,4.98150982510151) (4.472832565697442,4.98150982510151) (12.79999999999997)
(4.44486003815987,5.0774744391376645) (4.44486003815987,4.5774744391376645) (7.44486003815987,4.5774744391376645) (7.44486003815987,5.0774744391376645) (4.44486003815987,5.0774744391376645) (12.89999999999997)
(4.407446781450209,5.170167036826614) (4.407446781450209,4.670167036826614) (7.407446781450209,4.670167036826614) (7.407446781450209,5.170167036826614) (4.407446781450209,5.170167036826614) (12.99999999999997)
(4.3609666164623215,5.258661464372348) (4.3609666164623215,4.758661464372348) (7.3609666164623215,4.758661464372348) (7.3609666164623215,5.258661464372348) (4.3609666164623215,5.258661464372348) (13.09999999999997)
(4.305883957640469,5.342073514707199) (4.305883957640469,4.842073514707199) (7.305883957640469,4.842073514707199) (7.305883957640469,5.342073514707199) (4.305883957640469,5.342073514707199) (13.199999999999969)
(4.242749172703691,5.419569762196579) (4.242749172703691,4.919569762196579) (7.242749172703691,4.919569762196579) (7.242749172703691,5.419569762196579) (4.242749172703691,5.419569762196579) (13.299999999999969)
(4.172193083553491,5.490375889952427) (4.172193083553491,4.990375889952427) (7.172193083553491,4.990375889952427) (7.172193083553491,5.490375889952427) (4.172193083553491,5.490375889952427) (13.399999999999968)
(4.094920663309917,5.553784426551601) (4.094920663309917,5.053784426551601) (7.094920663309917,5.053784426551601) (7.094920663309917,5.553784426551601) (4.094920663309917,5.553784426551601) (13.499999999999968)
(4.011703992453176,5.6091618148564795) (4.011703992453176,5.1091618148564795) (7.011703992453176,5.1091618148564795) (7.011703992453176,5.6091618148564795) (4.011703992453176,5.6091618148564795) (13.599999999999968)
(3.9233745444506942,5.655954742308448) (3.9233745444506942,5.155954742308448) (6.923374544450694,5.155954742308448) (6.923374544450694,5.655954742308448) (3.9233745444506942,5.655954742308448) (13.699999999999967)
(3.830814877949079,5.693695669444094) (3.830814877949079,5.193695669444094) (6.830814877949079,5.193695669444094) (6.830814877949079,5.693695669444094) (3.830814877949079,5.693695669444094) (13.799999999999967)
(3.7349498185398557,5.722007501394968) (3.7349498185398557,5.222007501394968) (6.734949818539856,5.222007501394968) (6.734949818539856,5.722007501394968) (3.7349498185398557,5.722007501394968) (13.899999999999967)
(3.636737218207867,5.740607355694865) (3.636737218207867,5.240607355694865) (6.636737218207867,5.240607355694865) (6.636737218207867,5.740607355694865) (3.636737218207867,5.740607355694865) (13.999999999999966)
(3.5371583847908603,5.749309388747917) (3.5371583847908603,5.249309388747917) (6.53715838479086,5.249309388747917) (6.53715838479086,5.749309388747917) (3.5371583847908603,5.749309388747917) (14.099999999999966)
(3.4372082770759516,5.748026652716364) (3.4372082770759516,5.248026652716364) (6.437208277075952,5.248026652716364) (6.437208277075952,5.748026652716364) (3.4372082770759516,5.748026652716364) (14.199999999999966)
(3.3378855635003166,5.736771964274619) (3.3378855635003166,5.236771964274619) (6.337885563500317,5.236771964274619) (6.337885563500317,5.736771964274619) (3.3378855635003166,5.736771964274619) (14.299999999999965)
(3.2401826437862784,5.715657776549286) (3.2401826437862784,5.215657776549286) (6.240182643786278,5.215657776549286) (6.240182643786278,5.715657776549286) (3.2401826437862784,5.715657776549286) (14.399999999999965)
(3.1450757332113284,5.684895055524696) (3.1450757332113284,5.184895055524696) (6.145075733211328,5.184895055524696) (6.145075733211328,5.684895055524696) (3.1450757332113284,5.684895055524696) (14.499999999999964)
(3.0535151085877663,5.64479117214052) (3.0535151085877663,5.14479117214052) (6.053515108587766,5.14479117214052) (6.053515108587766,5.64479117214052) (3.0535151085877663,5.64479117214052) (14.599999999999964)
(2.9664156134109128,5.595746831142954) (2.9664156134109128,5.095746831142954) (5.966415613410913,5.095746831142954) (5.966415613410913,5.595746831142954) (2.9664156134109128,5.595746831142954) (14.699999999999964)
(2.884647517045309,5.538252067375339) (2.884647517045309,5.038252067375339) (5.884647517045309,5.038252067375339) (5.884647517045309,5.538252067375339) (2.884647517045309,5.538252067375339) (14.799999999999963)
(2.8090278192809013,5.472881349512002) (2.8090278192809013,4.972881349512002) (5.809027819280901,4.972881349512002) (5.809027819280901,5.472881349512002) (2.8090278192809013,5.472881349512002) (14.899999999999963)
(2.740312087141203,5.400287840157145) (2.740312087141203,4.900287840157145) (5.740312087141203,4.900287840157145) (5.740312087141203,5.400287840157145) (2.740312087141203,5.400287840157145) (14.999999999999963)
(2.679186905507353,5.321196869660019) (2.679186905507353,4.821196869660019) (5.679186905507353,4.821196869660019) (5.679186905507353,5.321196869660019) (2.679186905507353,5.321196869660019) (15.099999999999962)
(2.626263016988938,5.236398688853832) (2.626263016988938,4.736398688853832) (5.626263016988938,4.736398688853832) (5.626263016988938,5.236398688853832) (2.626263016988938,5.236398688853832) (15.199999999999962)
(2.5820692195857227,5.146740573130648) (2.5820692195857227,4.646740573130648) (5.582069219585723,4.646740573130648) (5.582069219585723,5.146740573130648) (2.5820692195857227,5.146740573130648) (15.299999999999962)
(2.5470470831128313,5.053118356745739) (2.5470470831128313,4.553118356745739) (5.547047083112831,4.553118356745739) (5.547047083112831,5.053118356745739) (2.5470470831128313,5.053118356745739) (15.399999999999961)
(2.5215465371811234,4.9564674819378345) (2.5215465371811234,4.4564674819378345) (5.521546537181123,4.4564674819378345) (5.521546537181123,4.9564674819378345) (2.5215465371811234,4.9564674819378345) (15.499999999999961)
(2.505822374816189,4.857753652299483) (2.505822374816189,4.357753652299483) (5.505822374816189,4.357753652299483) (5.505822374816189,4.857753652299483) (2.505822374816189,4.857753652299483) (15.59999999999996)
(2.5000317066506605,4.757963183785977) (2.5000317066506605,4.257963183785977) (5.5000317066506605,4.257963183785977) (5.5000317066506605,4.757963183785977) (2.5000317066506605,4.757963183785977) (15.69999999999996)
(2.504232391126708,4.658093149772359) (2.504232391126708,4.158093149772359) (5.504232391126708,4.158093149772359) (5.504232391126708,4.658093149772359) (2.504232391126708,4.658093149772359) (15.79999999999996)
(2.518382456393608,4.559141418625851) (2.518382456393608,4.059141418625851) (5.518382456393608,4.059141418625851) (5.518382456393608,4.559141418625851) (2.518382456393608,4.559141418625851) (15.89999999999996)
(2.5423405196766033,4.462096683334974) (2.5423405196766033,3.9620966833349742) (5.542340519676603,3.9620966833349742) (5.542340519676603,4.462096683334974) (2.5423405196766033,4.462096683334974) (15.99999999999996)
(2.5758671999268543,4.36792858281603) (2.5758671999268543,3.86792858281603) (5.575867199926854,3.86792858281603) (5.575867199926854,4.36792858281603) (2.5758671999268543,4.36792858281603) (16.09999999999996)
(2.618627509637747,4.277578013601568) (2.618627509637747,3.777578013601568) (5.618627509637747,3.777578013601568) (5.618627509637747,4.277578013601568) (2.618627509637747,4.277578013601568) (16.19999999999996)
(2.6701942019293288,4.191947728713253) (2.6701942019293288,3.691947728713253) (5.670194201929329,3.691947728713253) (5.670194201929329,4.191947728713253) (2.6701942019293288,4.191947728713253) (16.29999999999996)
(2.730052039457906,4.11189331765208) (2.730052039457906,3.61189331765208) (5.730052039457906,3.61189331765208) (5.730052039457906,4.11189331765208) (2.730052039457906,4.11189331765208) (16.399999999999963)
(2.797602942497261,4.038214657630902) (2.797602942497261,3.5382146576309017) (5.797602942497261,3.5382146576309017) (5.797602942497261,4.038214657630902) (2.797602942497261,4.038214657630902) (16.499999999999964)
(2.872171964753586,3.9716479214657237) (2.872171964753586,3.4716479214657237) (5.872171964753586,3.4716479214657237) (5.872171964753586,3.9716479214657237) (2.872171964753586,3.9716479214657237) (16.599999999999966)
(2.9530140372057376,3.9128582219802706) (2.9530140372057376,3.4128582219802706) (5.953014037205738,3.4128582219802706) (5.953014037205738,3.9128582219802706) (2.9530140372057376,3.9128582219802706) (16.699999999999967)
(3.0393214125886088,3.86243296641851) (3.0393214125886088,3.36243296641851) (6.039321412588609,3.36243296641851) (6.039321412588609,3.86243296641851) (3.0393214125886088,3.86243296641851) (16.79999999999997)
(3.1302317361368006,3.820875987265642) (3.1302317361368006,3.320875987265642) (6.130231736136801,3.320875987265642) (6.130231736136801,3.820875987265642) (3.1302317361368006,3.820875987265642) (16.89999999999997)
(3.224836661948376,3.788602508120451) (3.224836661948376,3.288602508120451) (6.224836661948376,3.288602508120451) (6.224836661948376,3.788602508120451) (3.224836661948376,3.788602508120451) (16.99999999999997)
(3.3221909288768563,3.7659349949183616) (3.3221909288768563,3.2659349949183616) (6.322190928876856,3.2659349949183616) (6.322190928876856,3.7659349949183616) (3.3221909288768563,3.7659349949183616) (17.099999999999973)
(3.4213218052681347,3.753099933958406) (3.4213218052681347,3.253099933958406) (6.421321805268135,3.253099933958406) (6.421321805268135,3.753099933958406) (3.4213218052681347,3.753099933958406) (17.199999999999974)
(3.521238808173621,3.7502255689269886) (3.521238808173621,3.2502255689269886) (6.521238808173621,3.2502255689269886) (6.521238808173621,3.7502255689269886) (3.521238808173621,3.7502255689269886) (17.299999999999976)
(3.620943599928453,3.7573406195293644) (3.620943599928453,3.2573406195293644) (6.620943599928453,3.2573406195293644) (6.620943599928453,3.7573406195293644) (3.620943599928453,3.7573406195293644) (17.399999999999977)
(3.719439963211438,3.774373994531838) (3.719439963211438,3.274373994531838) (6.719439963211438,3.274373994531838) (6.719439963211438,3.774373994531838) (3.719439963211438,3.774373994531838) (17.49999999999998)
(3.8157437549192235,3.801155502081869) (3.8157437549192235,3.301155502081869) (6.8157437549192235,3.301155502081869) (6.8157437549192235,3.801155502081869) (3.8157437549192235,3.801155502081869) (17.59999999999998)
(3.9088927393988637,3.837417550208808) (3.9088927393988637,3.337417550208808) (6.908892739398864,3.337417550208808) (6.908892739398864,3.837417550208808) (3.9088927393988637,3.837417550208808) (17.69999999999998)
(3.9979562027883997,3.88279782051441) (3.9979562027883997,3.38279782051441) (6.9979562027884,3.38279782051441) (6.9979562027884,3.88279782051441) (3.9979562027883997,3.88279782051441) (17.799999999999983)
(4.0820442524021106,3.936842888338503) (4.0820442524021106,3.436842888338503) (7.0820442524021106,3.436842888338503) (7.0820442524021106,3.936842888338503) (4.0820442524021106,3.936842888338503) (17.899999999999984)
(4.1603167082440695,3.9990127532283144) (4.1603167082440695,3.4990127532283144) (7.1603167082440695,3.4990127532283144) (7.1603167082440695,3.9990127532283144) (4.1603167082440695,3.9990127532283144) (17.999999999999986)
(4.231991497808937,4.06868623444449) (4.231991497808937,3.5686862344444896) (7.231991497808937,3.5686862344444896) (7.231991497808937,4.06868623444449) (4.231991497808937,4.06868623444449) (18.099999999999987)
(4.296352470291916,4.145167177593708) (4.296352470291916,3.6451671775937076) (7.296352470291916,3.6451671775937076) (7.296352470291916,4.145167177593708) (4.296352470291916,4.145167177593708) (18.19999999999999)
(4.3527565521308675,4.227691410373259) (4.3527565521308675,3.7276914103732595) (7.3527565521308675,3.7276914103732595) (7.3527565521308675,4.227691410373259) (4.3527565521308675,4.227691410373259) (18.29999999999999)
(4.400640172384765,4.315434377928097) (4.400640172384765,3.8154343779280966) (7.400640172384765,3.8154343779280966) (7.400640172384765,4.315434377928097) (4.400640172384765,4.315434377928097) (18.39999999999999)
(4.439524893748254,4.40751938153038) (4.439524893748254,3.9075193815303804) (7.439524893748254,3.9075193815303804) (7.439524893748254,4.40751938153038) (4.439524893748254,4.40751938153038) (18.499999999999993)
(4.469022192939049,4.503026338263372) (4.469022192939049,4.003026338263372) (7.469022192939049,4.003026338263372) (7.469022192939049,4.503026338263372) (4.469022192939049,4.503026338263372) (18.599999999999994)
(4.488837342694145,4.601000974185798) (4.488837342694145,4.101000974185798) (7.488837342694145,4.101000974185798) (7.488837342694145,4.601000974185798) (4.488837342694145,4.601000974185798) (18.699999999999996)
(4.49877235658721,4.700464359121629) (4.49877235658721,4.200464359121629) (7.49877235658721,4.200464359121629) (7.49877235658721,4.700464359121629) (4.49877235658721,4.700464359121629) (18.799999999999997)
(4.498727967243502,4.800422687806811) (4.498727967243502,4.300422687806811) (7.498727967243502,4.300422687806811) (7.498727967243502,4.800422687806811) (4.498727967243502,4.800422687806811) (18.9)
(4.488704618186669,4.899877209662952) (4.488704618186669,4.399877209662952) (7.488704618186669,4.399877209662952) (7.488704618186669,4.899877209662952) (4.488704618186669,4.899877209662952) (19.0)
(4.46880245940721,4.99783420798296) (4.46880245940721,4.49783420798296) (7.46880245940721,4.49783420798296) (7.46880245940721,4.99783420798296) (4.46880245940721,4.99783420798296) (19.1)
(4.439220346696869,5.093314928819899) (4.439220346696869,4.593314928819899) (7.439220346696869,4.593314928819899) (7.439220346696869,5.093314928819899) (4.439220346696869,5.093314928819899) (19.200000000000003)
(4.400253854747303,5.185365360372897) (4.400253854747303,4.685365360372897) (7.400253854747303,4.685365360372897) (7.400253854747303,5.185365360372897) (4.400253854747303,5.185365360372897) (19.300000000000004)
(4.352292323865461,5.273065765157702) (4.352292323865461,4.773065765157702) (7.352292323865461,4.773065765157702) (7.352292323865461,5.273065765157702) (4.352292323865461,5.273065765157702) (19.400000000000006)
(4.295814969813939,5.355539869719607) (4.295814969813939,4.855539869719607) (7.295814969813939,4.855539869719607) (7.295814969813939,5.355539869719607) (4.295814969813939,5.355539869719607) (19.500000000000007)
(4.231386095645492,5.4319636200681405) (4.231386095645492,4.9319636200681405) (7.231386095645492,4.9319636200681405) (7.231386095645492,5.4319636200681405) (4.231386095645492,5.4319636200681405) (19.60000000000001)
(4.159649453373454,5.501573415352155) (4.159649453373454,5.001573415352155) (7.159649453373454,5.001573415352155) (7.159649453373454,5.501573415352155) (4.159649453373454,5.501573415352155) (19.70000000000001)
(4.081321811814427,5.563673737507112) (4.081321811814427,5.063673737507112) (7.081321811814427,5.063673737507112) (7.081321811814427,5.563673737507112) (4.081321811814427,5.563673737507112) (19.80000000000001)
(3.997185794871193,5.617644100641675) (3.997185794871193,5.117644100641675) (6.997185794871193,5.117644100641675) (6.997185794871193,5.617644100641675) (3.997185794871193,5.617644100641675) (19.900000000000013)
