(5.0,6.01) (4.274,5.717) (3.981,5.0) (4.274,4.283) (5.0,3.99) (5.726,4.283) (6.019,5.0) (5.726,5.717) (5.0,6.01) (0)
(5.0,6.02) (4.255,5.727) (3.962,5.0) (4.255,4.273) (5.0,3.98) (5.745,4.273) (6.038,5.0) (5.745,5.727) (5.0,6.02) (0.1)
(5.0,6.03) (4.236,5.737) (3.9430000000000005,5.0) (4.236,4.263) (5.0,3.9699999999999998) (5.764,4.263) (6.0569999999999995,5.0) (5.764,5.737) (5.0,6.03) (0.2)
(5.0,6.04) (4.217,5.747) (3.9240000000000004,5.0) (4.217,4.253) (5.0,3.96) (5.783,4.253) (6.076,5.0) (5.783,5.747) (5.0,6.04) (0.30000000000000004)
(5.0,6.05) (4.198,5.757) (3.9050000000000002,5.0) (4.198,4.243) (5.0,3.95) (5.802,4.243) (6.095,5.0) (5.802,5.757) (5.0,6.05) (0.4)
(5.0,6.0600000000000005) (4.179,5.767) (3.8860000000000006,5.0) (4.179,4.233) (5.0,3.94) (5.821,4.233) (6.113999999999999,5.0) (5.821,5.767) (5.0,6.0600000000000005) (0.5)
(5.0,6.07) (4.16,5.777) (3.867000000000001,5.0) (4.16,4.223) (5.0,3.9299999999999997) (5.84,4.223) (6.132999999999999,5.0) (5.84,5.777) (5.0,6.07) (0.6)
(5.0,6.08) (4.141,5.787) (3.8480000000000008,5.0) (4.141,4.213) (5.0,3.92) (5.859,4.213) (6.151999999999999,5.0) (5.859,5.787) (5.0,6.08) (0.7)
(5.0,6.09) (4.122,5.797) (3.8290000000000006,5.0) (4.122,4.203) (5.0,3.91) (5.878,4.203) (6.170999999999999,5.0) (5.878,5.797) (5.0,6.09) (0.7999999999999999)
(5.0,6.1) (4.103,5.807) (3.810000000000001,5.0) (4.103,4.193) (5.0,3.9) (5.897,4.193) (6.1899999999999995,5.0) (5.897,5.807) (5.0,6.1) (0.8999999999999999)
(5.0,6.11) (4.084,5.817) (3.7910000000000013,5.0) (4.084,4.183) (5.0,3.8899999999999997) (5.916,4.183) (6.208999999999999,5.0) (5.916,5.817) (5.0,6.11) (0.9999999999999999)
(5.0,6.12) (4.0649999999999995,5.827) (3.772000000000001,5.0) (4.0649999999999995,4.173) (5.0,3.88) (5.9350000000000005,4.173) (6.227999999999999,5.0) (5.9350000000000005,5.827) (5.0,6.12) (1.0999999999999999)
(5.0,6.13) (4.045999999999999,5.837) (3.753000000000001,5.0) (4.045999999999999,4.163) (5.0,3.87) (5.954000000000001,4.163) (6.246999999999999,5.0) (5.954000000000001,5.837) (5.0,6.13) (1.2)
(5.0,6.140000000000001) (4.027,5.847) (3.7340000000000013,5.0) (4.027,4.153) (5.0,3.86) (5.973,4.153) (6.265999999999998,5.0) (5.973,5.847) (5.0,6.140000000000001) (1.3)
(5.0,6.15) (4.008,5.857) (3.7150000000000016,5.0) (4.008,4.143) (5.0,3.8499999999999996) (5.992,4.143) (6.284999999999998,5.0) (5.992,5.857) (5.0,6.15) (1.4000000000000001)
(5.0,6.16) (3.989,5.867) (3.6960000000000015,5.0) (3.989,4.133) (5.0,3.84) (6.011,4.133) (6.3039999999999985,5.0) (6.011,5.867) (5.0,6.16) (1.5000000000000002)
(5.0,6.17) (3.9699999999999998,5.877) (3.6770000000000014,5.0) (3.9699999999999998,4.123) (5.0,3.83) (6.03,4.123) (6.322999999999999,5.0) (6.03,5.877) (5.0,6.17) (1.6000000000000003)
(5.0,6.18) (3.951,5.8870000000000005) (3.6580000000000017,5.0) (3.951,4.1129999999999995) (5.0,3.82) (6.0489999999999995,4.1129999999999995) (6.341999999999999,5.0) (6.0489999999999995,5.8870000000000005) (5.0,6.18) (1.7000000000000004)
(5.0,6.19) (3.9320000000000004,5.897) (3.639000000000002,5.0) (3.9320000000000004,4.103) (5.0,3.8099999999999996) (6.068,4.103) (6.360999999999998,5.0) (6.068,5.897) (5.0,6.19) (1.8000000000000005)
(5.0,6.2) (3.9130000000000003,5.907) (3.620000000000002,5.0) (3.9130000000000003,4.093) (5.0,3.8) (6.087,4.093) (6.379999999999998,5.0) (6.087,5.907) (5.0,6.2) (1.9000000000000006)
(5.0,6.21) (3.894,5.917) (3.6010000000000018,5.0) (3.894,4.083) (5.0,3.79) (6.106,4.083) (6.398999999999998,5.0) (6.106,5.917) (5.0,6.21) (2.0000000000000004)
(5.0,6.220000000000001) (3.8750000000000004,5.9270000000000005) (3.582000000000002,5.0) (3.8750000000000004,4.0729999999999995) (5.0,3.78) (6.125,4.0729999999999995) (6.4179999999999975,5.0) (6.125,5.9270000000000005) (5.0,6.220000000000001) (2.1000000000000005)
(5.0,6.23) (3.8560000000000008,5.937) (3.5630000000000024,5.0) (3.8560000000000008,4.063) (5.0,3.7699999999999996) (6.143999999999999,4.063) (6.436999999999998,5.0) (6.143999999999999,5.937) (5.0,6.23) (2.2000000000000006)
(5.0,6.24) (3.8370000000000006,5.947) (3.5440000000000023,5.0) (3.8370000000000006,4.053) (5.0,3.76) (6.162999999999999,4.053) (6.455999999999998,5.0) (6.162999999999999,5.947) (5.0,6.24) (2.3000000000000007)
(5.0,6.25) (3.8180000000000005,5.957) (3.525000000000002,5.0) (3.8180000000000005,4.043) (5.0,3.75) (6.1819999999999995,4.043) (6.474999999999998,5.0) (6.1819999999999995,5.957) (5.0,6.25) (2.400000000000001)
(5.0,6.26) (3.799000000000001,5.9670000000000005) (3.5060000000000024,5.0) (3.799000000000001,4.0329999999999995) (5.0,3.7399999999999998) (6.200999999999999,4.0329999999999995) (6.493999999999998,5.0) (6.200999999999999,5.9670000000000005) (5.0,6.26) (2.500000000000001)
(5.0,6.2700000000000005) (3.780000000000001,5.977) (3.4870000000000028,5.0) (3.780000000000001,4.023) (5.0,3.7299999999999995) (6.219999999999999,4.023) (6.512999999999997,5.0) (6.219999999999999,5.977) (5.0,6.2700000000000005) (2.600000000000001)
(5.0,6.28) (3.761000000000001,5.987) (3.4680000000000026,5.0) (3.761000000000001,4.013) (5.0,3.7199999999999998) (6.238999999999999,4.013) (6.531999999999997,5.0) (6.238999999999999,5.987) (5.0,6.28) (2.700000000000001)
(5.0,6.29) (3.742000000000001,5.997) (3.4490000000000025,5.0) (3.742000000000001,4.003) (5.0,3.71) (6.257999999999999,4.003) (6.5509999999999975,5.0) (6.257999999999999,5.997) (5.0,6.29) (2.800000000000001)
(5.0,6.300000000000001) (3.723000000000001,6.007) (3.430000000000003,5.0) (3.723000000000001,3.993) (5.0,3.6999999999999997) (6.276999999999999,3.993) (6.569999999999997,5.0) (6.276999999999999,6.007) (5.0,6.300000000000001) (2.9000000000000012)
(5.0,6.3100000000000005) (3.7040000000000015,6.017) (3.411000000000003,5.0) (3.7040000000000015,3.9829999999999997) (5.0,3.6899999999999995) (6.2959999999999985,3.9829999999999997) (6.588999999999997,5.0) (6.2959999999999985,6.017) (5.0,6.3100000000000005) (3.0000000000000013)
(5.0,6.32) (3.6850000000000014,6.027) (3.392000000000003,5.0) (3.6850000000000014,3.973) (5.0,3.6799999999999997) (6.314999999999999,3.973) (6.607999999999997,5.0) (6.314999999999999,6.027) (5.0,6.32) (3.1000000000000014)
(5.0,6.33) (3.6660000000000013,6.037) (3.373000000000003,5.0) (3.6660000000000013,3.963) (5.0,3.67) (6.333999999999999,3.963) (6.626999999999997,5.0) (6.333999999999999,6.037) (5.0,6.33) (3.2000000000000015)
(5.0,6.34) (3.6470000000000016,6.047000000000001) (3.354000000000003,5.0) (3.6470000000000016,3.953) (5.0,3.6599999999999997) (6.352999999999998,3.953) (6.645999999999997,5.0) (6.352999999999998,6.047000000000001) (5.0,6.34) (3.3000000000000016)
(5.0,6.3500000000000005) (3.628000000000002,6.057) (3.3350000000000035,5.0) (3.628000000000002,3.9429999999999996) (5.0,3.6499999999999995) (6.371999999999998,3.9429999999999996) (6.6649999999999965,5.0) (6.371999999999998,6.057) (5.0,6.3500000000000005) (3.4000000000000017)
(5.0,6.36) (3.6090000000000018,6.067) (3.3160000000000034,5.0) (3.6090000000000018,3.933) (5.0,3.6399999999999997) (6.390999999999998,3.933) (6.683999999999997,5.0) (6.390999999999998,6.067) (5.0,6.36) (3.5000000000000018)
(5.0,6.37) (3.5900000000000016,6.077) (3.2970000000000033,5.0) (3.5900000000000016,3.923) (5.0,3.63) (6.409999999999998,3.923) (6.702999999999997,5.0) (6.409999999999998,6.077) (5.0,6.37) (3.600000000000002)
(5.0,6.380000000000001) (3.571000000000002,6.087) (3.2780000000000036,5.0) (3.571000000000002,3.913) (5.0,3.6199999999999997) (6.4289999999999985,3.913) (6.721999999999996,5.0) (6.4289999999999985,6.087) (5.0,6.380000000000001) (3.700000000000002)
(5.0,6.390000000000001) (3.5520000000000023,6.097) (3.259000000000004,5.0) (3.5520000000000023,3.9029999999999996) (5.0,3.6099999999999994) (6.447999999999998,3.9029999999999996) (6.740999999999996,5.0) (6.447999999999998,6.097) (5.0,6.390000000000001) (3.800000000000002)
(5.0,6.4) (3.533000000000002,6.107) (3.2400000000000038,5.0) (3.533000000000002,3.893) (5.0,3.5999999999999996) (6.466999999999998,3.893) (6.759999999999996,5.0) (6.466999999999998,6.107) (5.0,6.4) (3.900000000000002)
(5.0,6.41) (3.514000000000002,6.117) (3.2210000000000036,5.0) (3.514000000000002,3.883) (5.0,3.59) (6.485999999999998,3.883) (6.778999999999996,5.0) (6.485999999999998,6.117) (5.0,6.41) (4.000000000000002)
(5.0,6.42) (3.4950000000000023,6.127000000000001) (3.202000000000004,5.0) (3.4950000000000023,3.8729999999999998) (5.0,3.5799999999999996) (6.504999999999997,3.8729999999999998) (6.7979999999999965,5.0) (6.504999999999997,6.127000000000001) (5.0,6.42) (4.100000000000001)
(5.0,6.430000000000001) (3.4760000000000026,6.1370000000000005) (3.1830000000000043,5.0) (3.4760000000000026,3.8629999999999995) (5.0,3.5699999999999994) (6.523999999999997,3.8629999999999995) (6.816999999999996,5.0) (6.523999999999997,6.1370000000000005) (5.0,6.430000000000001) (4.200000000000001)
(5.0,6.44) (3.4570000000000025,6.147) (3.164000000000004,5.0) (3.4570000000000025,3.8529999999999998) (5.0,3.5599999999999996) (6.5429999999999975,3.8529999999999998) (6.835999999999996,5.0) (6.5429999999999975,6.147) (5.0,6.44) (4.300000000000001)
(5.0,6.45) (3.4380000000000024,6.157) (3.145000000000004,5.0) (3.4380000000000024,3.843) (5.0,3.55) (6.561999999999998,3.843) (6.854999999999996,5.0) (6.561999999999998,6.157) (5.0,6.45) (4.4)
(5.0,6.460000000000001) (3.4190000000000027,6.167) (3.1260000000000043,5.0) (3.4190000000000027,3.8329999999999997) (5.0,3.5399999999999996) (6.580999999999998,3.8329999999999997) (6.873999999999995,5.0) (6.580999999999998,6.167) (5.0,6.460000000000001) (4.5)
(5.0,6.470000000000001) (3.400000000000003,6.1770000000000005) (3.1070000000000046,5.0) (3.400000000000003,3.8229999999999995) (5.0,3.5299999999999994) (6.599999999999997,3.8229999999999995) (6.892999999999995,5.0) (6.599999999999997,6.1770000000000005) (5.0,6.470000000000001) (4.6)
(5.0,6.48) (3.381000000000003,6.187) (3.0880000000000045,5.0) (3.381000000000003,3.8129999999999997) (5.0,3.5199999999999996) (6.618999999999997,3.8129999999999997) (6.9119999999999955,5.0) (6.618999999999997,6.187) (5.0,6.48) (4.699999999999999)
(5.0,6.49) (3.3620000000000028,6.197) (3.0690000000000044,5.0) (3.3620000000000028,3.803) (5.0,3.51) (6.637999999999997,3.803) (6.930999999999996,5.0) (6.637999999999997,6.197) (5.0,6.49) (4.799999999999999)
(5.0,6.5) (3.343000000000003,6.207000000000001) (3.0500000000000047,5.0) (3.343000000000003,3.7929999999999997) (5.0,3.4999999999999996) (6.6569999999999965,3.7929999999999997) (6.949999999999996,5.0) (6.6569999999999965,6.207000000000001) (5.0,6.5) (4.899999999999999)
(5.0,6.510000000000001) (3.3240000000000034,6.2170000000000005) (3.031000000000005,5.0) (3.3240000000000034,3.7829999999999995) (5.0,3.4899999999999993) (6.675999999999997,3.7829999999999995) (6.968999999999995,5.0) (6.675999999999997,6.2170000000000005) (5.0,6.510000000000001) (4.999999999999998)
(5.0,6.5200000000000005) (3.3050000000000033,6.227) (3.012000000000005,5.0) (3.3050000000000033,3.7729999999999997) (5.0,3.4799999999999995) (6.694999999999997,3.7729999999999997) (6.987999999999995,5.0) (6.694999999999997,6.227) (5.0,6.5200000000000005) (5.099999999999998)
(5.0,6.53) (3.286000000000003,6.237) (2.9930000000000048,5.0) (3.286000000000003,3.763) (5.0,3.4699999999999998) (6.713999999999997,3.763) (7.006999999999995,5.0) (6.713999999999997,6.237) (5.0,6.53) (5.1999999999999975)
(5.0,6.540000000000001) (3.2670000000000035,6.247) (2.9740000000000046,5.0) (3.2670000000000035,3.7529999999999997) (5.0,3.4599999999999995) (6.732999999999997,3.7529999999999997) (7.025999999999995,5.0) (6.732999999999997,6.247) (5.0,6.540000000000001) (5.299999999999997)
(5.0,6.550000000000001) (3.2480000000000038,6.257000000000001) (2.9550000000000045,5.0) (3.2480000000000038,3.7429999999999994) (5.0,3.4499999999999993) (6.751999999999996,3.7429999999999994) (7.0449999999999955,5.0) (6.751999999999996,6.257000000000001) (5.0,6.550000000000001) (5.399999999999997)
(5.0,6.5600000000000005) (3.2290000000000036,6.267) (2.9360000000000044,5.0) (3.2290000000000036,3.7329999999999997) (5.0,3.4399999999999995) (6.770999999999996,3.7329999999999997) (7.063999999999996,5.0) (6.770999999999996,6.267) (5.0,6.5600000000000005) (5.4999999999999964)
(5.0,6.57) (3.2100000000000035,6.277) (2.9170000000000043,5.0) (3.2100000000000035,3.723) (5.0,3.4299999999999997) (6.7899999999999965,3.723) (7.082999999999996,5.0) (6.7899999999999965,6.277) (5.0,6.57) (5.599999999999996)
(5.0,6.58) (3.191000000000004,6.287000000000001) (2.898000000000004,5.0) (3.191000000000004,3.7129999999999996) (5.0,3.4199999999999995) (6.808999999999996,3.7129999999999996) (7.101999999999996,5.0) (6.808999999999996,6.287000000000001) (5.0,6.58) (5.699999999999996)
(5.0,6.590000000000001) (3.172000000000004,6.297000000000001) (2.879000000000004,5.0) (3.172000000000004,3.7029999999999994) (5.0,3.4099999999999993) (6.827999999999996,3.7029999999999994) (7.120999999999996,5.0) (6.827999999999996,6.297000000000001) (5.0,6.590000000000001) (5.799999999999995)
(5.0,6.6000000000000005) (3.153000000000004,6.307) (2.860000000000004,5.0) (3.153000000000004,3.6929999999999996) (5.0,3.3999999999999995) (6.846999999999996,3.6929999999999996) (7.139999999999996,5.0) (6.846999999999996,6.307) (5.0,6.6000000000000005) (5.899999999999995)
(5.0,6.61) (3.134000000000004,6.317) (2.8410000000000037,5.0) (3.134000000000004,3.683) (5.0,3.3899999999999997) (6.865999999999996,3.683) (7.158999999999996,5.0) (6.865999999999996,6.317) (5.0,6.61) (5.999999999999995)
(5.0,6.620000000000001) (3.115000000000004,6.327) (2.8220000000000036,5.0) (3.115000000000004,3.6729999999999996) (5.0,3.3799999999999994) (6.884999999999996,3.6729999999999996) (7.177999999999996,5.0) (6.884999999999996,6.327) (5.0,6.620000000000001) (6.099999999999994)
(5.0,6.630000000000001) (3.0960000000000045,6.337000000000001) (2.8030000000000035,5.0) (3.0960000000000045,3.6629999999999994) (5.0,3.369999999999999) (6.9039999999999955,3.6629999999999994) (7.1969999999999965,5.0) (6.9039999999999955,6.337000000000001) (5.0,6.630000000000001) (6.199999999999994)
(5.0,6.640000000000001) (3.0770000000000044,6.347) (2.7840000000000034,5.0) (3.0770000000000044,3.6529999999999996) (5.0,3.3599999999999994) (6.922999999999996,3.6529999999999996) (7.215999999999997,5.0) (6.922999999999996,6.347) (5.0,6.640000000000001) (6.299999999999994)
(5.0,6.65) (3.0580000000000043,6.357) (2.7650000000000032,5.0) (3.0580000000000043,3.643) (5.0,3.3499999999999996) (6.941999999999996,3.643) (7.234999999999997,5.0) (6.941999999999996,6.357) (5.0,6.65) (6.399999999999993)
(5.0,6.66) (3.0390000000000046,6.367000000000001) (2.746000000000003,5.0) (3.0390000000000046,3.6329999999999996) (5.0,3.3399999999999994) (6.960999999999995,3.6329999999999996) (7.253999999999997,5.0) (6.960999999999995,6.367000000000001) (5.0,6.66) (6.499999999999993)
(5.0,6.670000000000001) (3.020000000000005,6.377000000000001) (2.727000000000003,5.0) (3.020000000000005,3.6229999999999993) (5.0,3.329999999999999) (6.979999999999995,3.6229999999999993) (7.272999999999997,5.0) (6.979999999999995,6.377000000000001) (5.0,6.670000000000001) (6.5999999999999925)
(5.0,6.680000000000001) (3.0010000000000048,6.3870000000000005) (2.708000000000003,5.0) (3.0010000000000048,3.6129999999999995) (5.0,3.3199999999999994) (6.998999999999995,3.6129999999999995) (7.291999999999997,5.0) (6.998999999999995,6.3870000000000005) (5.0,6.680000000000001) (6.699999999999992)
(5.0,6.69) (2.9820000000000046,6.397) (2.6890000000000027,5.0) (2.9820000000000046,3.6029999999999998) (5.0,3.3099999999999996) (7.017999999999995,3.6029999999999998) (7.310999999999997,5.0) (7.017999999999995,6.397) (5.0,6.69) (6.799999999999992)
(5.0,6.700000000000001) (2.9630000000000045,6.407) (2.6700000000000026,5.0) (2.9630000000000045,3.5929999999999995) (5.0,3.2999999999999994) (7.0369999999999955,3.5929999999999995) (7.329999999999997,5.0) (7.0369999999999955,6.407) (5.0,6.700000000000001) (6.8999999999999915)
(5.0,6.710000000000001) (2.9440000000000044,6.417000000000001) (2.6510000000000025,5.0) (2.9440000000000044,3.5829999999999993) (5.0,3.289999999999999) (7.055999999999996,3.5829999999999993) (7.3489999999999975,5.0) (7.055999999999996,6.417000000000001) (5.0,6.710000000000001) (6.999999999999991)
(5.0,6.720000000000001) (2.9250000000000043,6.4270000000000005) (2.6320000000000023,5.0) (2.9250000000000043,3.5729999999999995) (5.0,3.2799999999999994) (7.074999999999996,3.5729999999999995) (7.367999999999998,5.0) (7.074999999999996,6.4270000000000005) (5.0,6.720000000000001) (7.099999999999991)
(5.0,6.73) (2.906000000000004,6.437) (2.613000000000002,5.0) (2.906000000000004,3.5629999999999997) (5.0,3.2699999999999996) (7.093999999999996,3.5629999999999997) (7.386999999999998,5.0) (7.093999999999996,6.437) (5.0,6.73) (7.19999999999999)
(5.0,6.74) (2.887000000000004,6.447000000000001) (2.594000000000002,5.0) (2.887000000000004,3.5529999999999995) (5.0,3.2599999999999993) (7.112999999999996,3.5529999999999995) (7.405999999999998,5.0) (7.112999999999996,6.447000000000001) (5.0,6.74) (7.29999999999999)
(5.0,6.750000000000001) (2.868000000000004,6.457000000000001) (2.575000000000002,5.0) (2.868000000000004,3.5429999999999993) (5.0,3.249999999999999) (7.131999999999996,3.5429999999999993) (7.424999999999998,5.0) (7.131999999999996,6.457000000000001) (5.0,6.750000000000001) (7.39999999999999)
(5.0,6.760000000000001) (2.8490000000000038,6.4670000000000005) (2.556000000000002,5.0) (2.8490000000000038,3.5329999999999995) (5.0,3.2399999999999993) (7.150999999999996,3.5329999999999995) (7.443999999999998,5.0) (7.150999999999996,6.4670000000000005) (5.0,6.760000000000001) (7.499999999999989)
(5.0,6.7700000000000005) (2.8300000000000036,6.477) (2.5370000000000017,5.0) (2.8300000000000036,3.5229999999999997) (5.0,3.2299999999999995) (7.169999999999996,3.5229999999999997) (7.462999999999998,5.0) (7.169999999999996,6.477) (5.0,6.7700000000000005) (7.599999999999989)
(5.0,6.780000000000001) (2.8110000000000035,6.487) (2.5180000000000016,5.0) (2.8110000000000035,3.5129999999999995) (5.0,3.2199999999999993) (7.1889999999999965,3.5129999999999995) (7.481999999999998,5.0) (7.1889999999999965,6.487) (5.0,6.780000000000001) (7.699999999999989)
(5.0,6.790000000000001) (2.7920000000000034,6.497000000000001) (2.4990000000000014,5.0) (2.7920000000000034,3.5029999999999992) (5.0,3.209999999999999) (7.207999999999997,3.5029999999999992) (7.500999999999999,5.0) (7.207999999999997,6.497000000000001) (5.0,6.790000000000001) (7.799999999999988)
(5.0,6.800000000000001) (2.7730000000000032,6.507000000000001) (2.4800000000000013,5.0) (2.7730000000000032,3.4929999999999994) (5.0,3.1999999999999993) (7.226999999999997,3.4929999999999994) (7.519999999999999,5.0) (7.226999999999997,6.507000000000001) (5.0,6.800000000000001) (7.899999999999988)
(5.0,6.8100000000000005) (2.754000000000003,6.517) (2.461000000000001,5.0) (2.754000000000003,3.4829999999999997) (5.0,3.1899999999999995) (7.245999999999997,3.4829999999999997) (7.538999999999999,5.0) (7.245999999999997,6.517) (5.0,6.8100000000000005) (7.999999999999988)
(5.0,6.82) (2.735000000000003,6.527000000000001) (2.442000000000001,5.0) (2.735000000000003,3.4729999999999994) (5.0,3.1799999999999993) (7.264999999999997,3.4729999999999994) (7.557999999999999,5.0) (7.264999999999997,6.527000000000001) (5.0,6.82) (8.099999999999987)
(5.0,6.830000000000001) (2.716000000000003,6.537000000000001) (2.423000000000001,5.0) (2.716000000000003,3.462999999999999) (5.0,3.169999999999999) (7.283999999999997,3.462999999999999) (7.576999999999999,5.0) (7.283999999999997,6.537000000000001) (5.0,6.830000000000001) (8.199999999999987)
(5.0,6.840000000000001) (2.6970000000000027,6.547000000000001) (2.404000000000001,5.0) (2.6970000000000027,3.4529999999999994) (5.0,3.1599999999999993) (7.302999999999997,3.4529999999999994) (7.595999999999999,5.0) (7.302999999999997,6.547000000000001) (5.0,6.840000000000001) (8.299999999999986)
(5.0,6.8500000000000005) (2.6780000000000026,6.557) (2.3850000000000007,5.0) (2.6780000000000026,3.4429999999999996) (5.0,3.1499999999999995) (7.321999999999997,3.4429999999999996) (7.614999999999999,5.0) (7.321999999999997,6.557) (5.0,6.8500000000000005) (8.399999999999986)
(5.0,6.860000000000001) (2.6590000000000025,6.567) (2.3660000000000005,5.0) (2.6590000000000025,3.4329999999999994) (5.0,3.1399999999999992) (7.3409999999999975,3.4329999999999994) (7.6339999999999995,5.0) (7.3409999999999975,6.567) (5.0,6.860000000000001) (8.499999999999986)
(5.0,6.870000000000001) (2.6400000000000023,6.577000000000001) (2.3470000000000004,5.0) (2.6400000000000023,3.422999999999999) (5.0,3.129999999999999) (7.359999999999998,3.422999999999999) (7.653,5.0) (7.359999999999998,6.577000000000001) (5.0,6.870000000000001) (8.599999999999985)
(5.0,6.880000000000001) (2.621000000000002,6.587000000000001) (2.3280000000000003,5.0) (2.621000000000002,3.4129999999999994) (5.0,3.119999999999999) (7.378999999999998,3.4129999999999994) (7.672,5.0) (7.378999999999998,6.587000000000001) (5.0,6.880000000000001) (8.699999999999985)
(5.0,6.890000000000001) (2.602000000000002,6.597) (2.309,5.0) (2.602000000000002,3.4029999999999996) (5.0,3.1099999999999994) (7.397999999999998,3.4029999999999996) (7.691,5.0) (7.397999999999998,6.597) (5.0,6.890000000000001) (8.799999999999985)
(5.0,6.9) (2.583000000000002,6.607000000000001) (2.29,5.0) (2.583000000000002,3.3929999999999993) (5.0,3.099999999999999) (7.416999999999998,3.3929999999999993) (7.71,5.0) (7.416999999999998,6.607000000000001) (5.0,6.9) (8.899999999999984)
(5.0,6.910000000000001) (2.564000000000002,6.617000000000001) (2.271,5.0) (2.564000000000002,3.382999999999999) (5.0,3.089999999999999) (7.435999999999998,3.382999999999999) (7.729,5.0) (7.435999999999998,6.617000000000001) (5.0,6.910000000000001) (8.999999999999984)
(5.0,6.920000000000001) (2.5450000000000017,6.627000000000001) (2.252,5.0) (2.5450000000000017,3.3729999999999993) (5.0,3.079999999999999) (7.454999999999998,3.3729999999999993) (7.748,5.0) (7.454999999999998,6.627000000000001) (5.0,6.920000000000001) (9.099999999999984)
(5.0,6.930000000000001) (2.5260000000000016,6.6370000000000005) (2.2329999999999997,5.0) (2.5260000000000016,3.3629999999999995) (5.0,3.0699999999999994) (7.473999999999998,3.3629999999999995) (7.767,5.0) (7.473999999999998,6.6370000000000005) (5.0,6.930000000000001) (9.199999999999983)
(5.0,6.940000000000001) (2.5070000000000014,6.647) (2.2139999999999995,5.0) (2.5070000000000014,3.3529999999999993) (5.0,3.059999999999999) (7.4929999999999986,3.3529999999999993) (7.7860000000000005,5.0) (7.4929999999999986,6.647) (5.0,6.940000000000001) (9.299999999999983)
(5.0,6.950000000000001) (2.4880000000000013,6.657000000000001) (2.1949999999999994,5.0) (2.4880000000000013,3.342999999999999) (5.0,3.049999999999999) (7.511999999999999,3.342999999999999) (7.805000000000001,5.0) (7.511999999999999,6.657000000000001) (5.0,6.950000000000001) (9.399999999999983)
(5.0,6.960000000000001) (2.469000000000001,6.667000000000001) (2.1759999999999993,5.0) (2.469000000000001,3.3329999999999993) (5.0,3.039999999999999) (7.530999999999999,3.3329999999999993) (7.824000000000001,5.0) (7.530999999999999,6.667000000000001) (5.0,6.960000000000001) (9.499999999999982)
(5.0,6.970000000000001) (2.450000000000001,6.6770000000000005) (2.156999999999999,5.0) (2.450000000000001,3.3229999999999995) (5.0,3.0299999999999994) (7.549999999999999,3.3229999999999995) (7.843000000000001,5.0) (7.549999999999999,6.6770000000000005) (5.0,6.970000000000001) (9.599999999999982)
(5.0,6.98) (2.431000000000001,6.687000000000001) (2.137999999999999,5.0) (2.431000000000001,3.3129999999999993) (5.0,3.019999999999999) (7.568999999999999,3.3129999999999993) (7.862000000000001,5.0) (7.568999999999999,6.687000000000001) (5.0,6.98) (9.699999999999982)
(5.0,6.990000000000001) (2.412000000000001,6.697000000000001) (2.118999999999999,5.0) (2.412000000000001,3.302999999999999) (5.0,3.009999999999999) (7.587999999999999,3.302999999999999) (7.881000000000001,5.0) (7.587999999999999,6.697000000000001) (5.0,6.990000000000001) (9.799999999999981)
(5.0,7.000000000000001) (2.3930000000000007,6.707000000000001) (2.0999999999999988,5.0) (2.3930000000000007,3.2929999999999993) (5.0,2.999999999999999) (7.606999999999999,3.2929999999999993) (7.900000000000001,5.0) (7.606999999999999,6.707000000000001) (5.0,7.000000000000001) (9.89999999999998)
(5.0,7.010000000000001) (2.3740000000000006,6.7170000000000005) (2.0809999999999986,5.0) (2.3740000000000006,3.2829999999999995) (5.0,2.9899999999999993) (7.6259999999999994,3.2829999999999995) (7.919000000000001,5.0) (7.6259999999999994,6.7170000000000005) (5.0,7.010000000000001) (9.99999999999998)
(5.0,7.0200000000000005) (2.3550000000000004,6.727) (2.0619999999999985,5.0) (2.3550000000000004,3.2729999999999992) (5.0,2.9799999999999995) (7.645,3.2729999999999992) (7.9380000000000015,5.0) (7.645,6.727) (5.0,7.0200000000000005) (10.09999999999998)
(5.0,7.03) (2.3360000000000003,6.737000000000001) (2.0429999999999984,5.0) (2.3360000000000003,3.262999999999999) (5.0,2.9699999999999998) (7.664,3.262999999999999) (7.957000000000002,5.0) (7.664,6.737000000000001) (5.0,7.03) (10.19999999999998)
(5.0,7.04) (2.317,6.747000000000001) (2.0239999999999982,5.0) (2.317,3.2529999999999992) (5.0,2.96) (7.683,3.2529999999999992) (7.976000000000002,5.0) (7.683,6.747000000000001) (5.0,7.04) (10.29999999999998)
(5.0,7.05) (2.298,6.757000000000001) (2.004999999999998,5.0) (2.298,3.2429999999999994) (5.0,2.95) (7.702,3.2429999999999994) (7.995000000000002,5.0) (7.702,6.757000000000001) (5.0,7.05) (10.399999999999979)
(5.0,7.06) (2.279,6.767000000000001) (1.985999999999998,5.0) (2.279,3.232999999999999) (5.0,2.9400000000000004) (7.721,3.232999999999999) (8.014000000000003,5.0) (7.721,6.767000000000001) (5.0,7.06) (10.499999999999979)
(5.0,7.069999999999999) (2.26,6.777000000000001) (1.9669999999999979,5.0) (2.26,3.222999999999999) (5.0,2.9300000000000006) (7.74,3.222999999999999) (8.033000000000001,5.0) (7.74,6.777000000000001) (5.0,7.069999999999999) (10.599999999999978)
(5.0,7.079999999999999) (2.2409999999999997,6.787000000000001) (1.9479999999999977,5.0) (2.2409999999999997,3.212999999999999) (5.0,2.920000000000001) (7.759,3.212999999999999) (8.052000000000003,5.0) (7.759,6.787000000000001) (5.0,7.079999999999999) (10.699999999999978)
(5.0,7.089999999999999) (2.2219999999999995,6.797000000000001) (1.9289999999999976,5.0) (2.2219999999999995,3.2029999999999994) (5.0,2.910000000000001) (7.7780000000000005,3.2029999999999994) (8.071000000000002,5.0) (7.7780000000000005,6.797000000000001) (5.0,7.089999999999999) (10.799999999999978)
(5.0,7.099999999999999) (2.2029999999999994,6.807) (1.9099999999999975,5.0) (2.2029999999999994,3.192999999999999) (5.0,2.9000000000000012) (7.797000000000001,3.192999999999999) (8.090000000000003,5.0) (7.797000000000001,6.807) (5.0,7.099999999999999) (10.899999999999977)
(5.0,7.1099999999999985) (2.1839999999999993,6.817000000000001) (1.8909999999999973,5.0) (2.1839999999999993,3.182999999999999) (5.0,2.8900000000000015) (7.816000000000001,3.182999999999999) (8.109000000000002,5.0) (7.816000000000001,6.817000000000001) (5.0,7.1099999999999985) (10.999999999999977)
(5.0,7.119999999999998) (2.164999999999999,6.827000000000001) (1.8719999999999972,5.0) (2.164999999999999,3.172999999999999) (5.0,2.8800000000000017) (7.835000000000001,3.172999999999999) (8.128000000000004,5.0) (7.835000000000001,6.827000000000001) (5.0,7.119999999999998) (11.099999999999977)
(5.0,7.129999999999998) (2.145999999999999,6.837000000000001) (1.852999999999997,5.0) (2.145999999999999,3.1629999999999994) (5.0,2.870000000000002) (7.854000000000001,3.1629999999999994) (8.147000000000002,5.0) (7.854000000000001,6.837000000000001) (5.0,7.129999999999998) (11.199999999999976)
(5.0,7.139999999999998) (2.126999999999999,6.847000000000001) (1.833999999999997,5.0) (2.126999999999999,3.152999999999999) (5.0,2.860000000000002) (7.873000000000001,3.152999999999999) (8.166000000000004,5.0) (7.873000000000001,6.847000000000001) (5.0,7.139999999999998) (11.299999999999976)
(5.0,7.149999999999998) (2.1079999999999988,6.857000000000001) (1.8149999999999968,5.0) (2.1079999999999988,3.142999999999999) (5.0,2.8500000000000023) (7.892000000000001,3.142999999999999) (8.185000000000002,5.0) (7.892000000000001,6.857000000000001) (5.0,7.149999999999998) (11.399999999999975)
(5.0,7.1599999999999975) (2.0889999999999986,6.867000000000001) (1.7959999999999967,5.0) (2.0889999999999986,3.132999999999999) (5.0,2.8400000000000025) (7.911000000000001,3.132999999999999) (8.204000000000004,5.0) (7.911000000000001,6.867000000000001) (5.0,7.1599999999999975) (11.499999999999975)
(5.0,7.169999999999997) (2.0699999999999985,6.877000000000001) (1.7769999999999966,5.0) (2.0699999999999985,3.1229999999999993) (5.0,2.8300000000000027) (7.9300000000000015,3.1229999999999993) (8.223000000000003,5.0) (7.9300000000000015,6.877000000000001) (5.0,7.169999999999997) (11.599999999999975)
(5.0,7.179999999999997) (2.0509999999999984,6.8870000000000005) (1.7579999999999965,5.0) (2.0509999999999984,3.112999999999999) (5.0,2.820000000000003) (7.949000000000002,3.112999999999999) (8.242000000000004,5.0) (7.949000000000002,6.8870000000000005) (5.0,7.179999999999997) (11.699999999999974)
(5.0,7.189999999999997) (2.0319999999999983,6.897000000000001) (1.7389999999999963,5.0) (2.0319999999999983,3.102999999999999) (5.0,2.810000000000003) (7.968000000000002,3.102999999999999) (8.261000000000003,5.0) (7.968000000000002,6.897000000000001) (5.0,7.189999999999997) (11.799999999999974)
(5.0,7.199999999999997) (2.012999999999998,6.907000000000001) (1.7199999999999962,5.0) (2.012999999999998,3.092999999999999) (5.0,2.8000000000000034) (7.987000000000002,3.092999999999999) (8.280000000000005,5.0) (7.987000000000002,6.907000000000001) (5.0,7.199999999999997) (11.899999999999974)
(5.0,7.209999999999996) (1.993999999999998,6.917000000000001) (1.700999999999996,5.0) (1.993999999999998,3.0829999999999993) (5.0,2.7900000000000036) (8.006000000000002,3.0829999999999993) (8.299000000000003,5.0) (8.006000000000002,6.917000000000001) (5.0,7.209999999999996) (11.999999999999973)
(5.0,7.219999999999996) (1.9749999999999979,6.927000000000001) (1.681999999999996,5.0) (1.9749999999999979,3.072999999999999) (5.0,2.780000000000004) (8.025000000000002,3.072999999999999) (8.318000000000005,5.0) (8.025000000000002,6.927000000000001) (5.0,7.219999999999996) (12.099999999999973)
(5.0,7.229999999999996) (1.9559999999999977,6.937000000000001) (1.6629999999999958,5.0) (1.9559999999999977,3.062999999999999) (5.0,2.770000000000004) (8.044000000000002,3.062999999999999) (8.337000000000003,5.0) (8.044000000000002,6.937000000000001) (5.0,7.229999999999996) (12.199999999999973)
(5.0,7.239999999999996) (1.9369999999999976,6.947000000000001) (1.6439999999999957,5.0) (1.9369999999999976,3.052999999999999) (5.0,2.7600000000000042) (8.063000000000002,3.052999999999999) (8.356000000000005,5.0) (8.063000000000002,6.947000000000001) (5.0,7.239999999999996) (12.299999999999972)
(5.0,7.249999999999996) (1.9179999999999975,6.957000000000001) (1.6249999999999956,5.0) (1.9179999999999975,3.0429999999999993) (5.0,2.7500000000000044) (8.082000000000003,3.0429999999999993) (8.375000000000004,5.0) (8.082000000000003,6.957000000000001) (5.0,7.249999999999996) (12.399999999999972)
(5.0,7.259999999999995) (1.8989999999999974,6.9670000000000005) (1.6059999999999954,5.0) (1.8989999999999974,3.032999999999999) (5.0,2.7400000000000047) (8.101000000000003,3.032999999999999) (8.394000000000005,5.0) (8.101000000000003,6.9670000000000005) (5.0,7.259999999999995) (12.499999999999972)
(5.0,7.269999999999995) (1.8799999999999972,6.977000000000001) (1.5869999999999953,5.0) (1.8799999999999972,3.022999999999999) (5.0,2.730000000000005) (8.120000000000003,3.022999999999999) (8.413000000000004,5.0) (8.120000000000003,6.977000000000001) (5.0,7.269999999999995) (12.599999999999971)
(5.0,7.279999999999995) (1.860999999999997,6.987000000000001) (1.5679999999999952,5.0) (1.860999999999997,3.012999999999999) (5.0,2.720000000000005) (8.139000000000003,3.012999999999999) (8.432000000000006,5.0) (8.139000000000003,6.987000000000001) (5.0,7.279999999999995) (12.69999999999997)
(5.0,7.289999999999995) (1.841999999999997,6.997000000000001) (1.548999999999995,5.0) (1.841999999999997,3.0029999999999992) (5.0,2.7100000000000053) (8.158000000000003,3.0029999999999992) (8.451000000000004,5.0) (8.158000000000003,6.997000000000001) (5.0,7.289999999999995) (12.79999999999997)
(5.0,7.2999999999999945) (1.8229999999999968,7.0070000000000014) (1.529999999999995,5.0) (1.8229999999999968,2.992999999999999) (5.0,2.7000000000000055) (8.177000000000003,2.992999999999999) (8.470000000000006,5.0) (8.177000000000003,7.0070000000000014) (5.0,7.2999999999999945) (12.89999999999997)
(5.0,7.309999999999994) (1.8039999999999967,7.017000000000001) (1.5109999999999948,5.0) (1.8039999999999967,2.982999999999999) (5.0,2.6900000000000057) (8.196000000000003,2.982999999999999) (8.489000000000004,5.0) (8.196000000000003,7.017000000000001) (5.0,7.309999999999994) (12.99999999999997)
(5.0,7.319999999999994) (1.7849999999999966,7.027000000000001) (1.4919999999999947,5.0) (1.7849999999999966,2.9729999999999994) (5.0,2.680000000000006) (8.215000000000003,2.9729999999999994) (8.508000000000006,5.0) (8.215000000000003,7.027000000000001) (5.0,7.319999999999994) (13.09999999999997)
(5.0,7.329999999999994) (1.7659999999999965,7.037000000000001) (1.4729999999999945,5.0) (1.7659999999999965,2.9629999999999996) (5.0,2.670000000000006) (8.234000000000004,2.9629999999999996) (8.527000000000005,5.0) (8.234000000000004,7.037000000000001) (5.0,7.329999999999994) (13.199999999999969)
(5.0,7.339999999999994) (1.7469999999999963,7.047000000000001) (1.4539999999999944,5.0) (1.7469999999999963,2.953) (5.0,2.6600000000000064) (8.253000000000004,2.953) (8.546000000000006,5.0) (8.253000000000004,7.047000000000001) (5.0,7.339999999999994) (13.299999999999969)
(5.0,7.349999999999993) (1.7279999999999962,7.057) (1.4349999999999943,5.0) (1.7279999999999962,2.943) (5.0,2.6500000000000066) (8.272000000000004,2.943) (8.565000000000005,5.0) (8.272000000000004,7.057) (5.0,7.349999999999993) (13.399999999999968)
(5.0,7.359999999999993) (1.708999999999996,7.067) (1.4159999999999942,5.0) (1.708999999999996,2.9330000000000003) (5.0,2.640000000000007) (8.291000000000004,2.9330000000000003) (8.584000000000007,5.0) (8.291000000000004,7.067) (5.0,7.359999999999993) (13.499999999999968)
(5.0,7.369999999999993) (1.689999999999996,7.077) (1.396999999999994,5.0) (1.689999999999996,2.9230000000000005) (5.0,2.630000000000007) (8.310000000000004,2.9230000000000005) (8.603000000000005,5.0) (8.310000000000004,7.077) (5.0,7.369999999999993) (13.599999999999968)
(5.0,7.379999999999993) (1.6709999999999958,7.087) (1.377999999999994,5.0) (1.6709999999999958,2.9130000000000007) (5.0,2.620000000000007) (8.329000000000004,2.9130000000000007) (8.622000000000007,5.0) (8.329000000000004,7.087) (5.0,7.379999999999993) (13.699999999999967)
(5.0,7.389999999999993) (1.6519999999999957,7.0969999999999995) (1.3589999999999938,5.0) (1.6519999999999957,2.903000000000001) (5.0,2.6100000000000074) (8.348000000000004,2.903000000000001) (8.641000000000005,5.0) (8.348000000000004,7.0969999999999995) (5.0,7.389999999999993) (13.799999999999967)
(5.0,7.399999999999992) (1.6329999999999956,7.106999999999999) (1.3399999999999936,5.0) (1.6329999999999956,2.893000000000001) (5.0,2.6000000000000076) (8.367000000000004,2.893000000000001) (8.660000000000007,5.0) (8.367000000000004,7.106999999999999) (5.0,7.399999999999992) (13.899999999999967)
(5.0,7.409999999999992) (1.6139999999999954,7.116999999999999) (1.3209999999999935,5.0) (1.6139999999999954,2.8830000000000013) (5.0,2.590000000000008) (8.386000000000005,2.8830000000000013) (8.679000000000006,5.0) (8.386000000000005,7.116999999999999) (5.0,7.409999999999992) (13.999999999999966)
(5.0,7.419999999999992) (1.5949999999999953,7.126999999999999) (1.3019999999999934,5.0) (1.5949999999999953,2.8730000000000016) (5.0,2.580000000000008) (8.405000000000005,2.8730000000000016) (8.698000000000008,5.0) (8.405000000000005,7.126999999999999) (5.0,7.419999999999992) (14.099999999999966)
(5.0,7.429999999999992) (1.5759999999999952,7.136999999999999) (1.2829999999999933,5.0) (1.5759999999999952,2.8630000000000018) (5.0,2.5700000000000083) (8.424000000000005,2.8630000000000018) (8.717000000000006,5.0) (8.424000000000005,7.136999999999999) (5.0,7.429999999999992) (14.199999999999966)
(5.0,7.4399999999999915) (1.556999999999995,7.1469999999999985) (1.2639999999999931,5.0) (1.556999999999995,2.853000000000002) (5.0,2.5600000000000085) (8.443000000000005,2.853000000000002) (8.736000000000008,5.0) (8.443000000000005,7.1469999999999985) (5.0,7.4399999999999915) (14.299999999999965)
(5.0,7.449999999999991) (1.537999999999995,7.156999999999998) (1.244999999999993,5.0) (1.537999999999995,2.843000000000002) (5.0,2.5500000000000087) (8.462000000000005,2.843000000000002) (8.755000000000006,5.0) (8.462000000000005,7.156999999999998) (5.0,7.449999999999991) (14.399999999999965)
(5.0,7.459999999999991) (1.5189999999999948,7.166999999999998) (1.2259999999999929,5.0) (1.5189999999999948,2.8330000000000024) (5.0,2.540000000000009) (8.481000000000005,2.8330000000000024) (8.774000000000008,5.0) (8.481000000000005,7.166999999999998) (5.0,7.459999999999991) (14.499999999999964)
(5.0,7.469999999999991) (1.4999999999999947,7.176999999999998) (1.2069999999999927,5.0) (1.4999999999999947,2.8230000000000026) (5.0,2.530000000000009) (8.500000000000005,2.8230000000000026) (8.793000000000006,5.0) (8.500000000000005,7.176999999999998) (5.0,7.469999999999991) (14.599999999999964)
(5.0,7.479999999999991) (1.4809999999999945,7.186999999999998) (1.1879999999999926,5.0) (1.4809999999999945,2.813000000000003) (5.0,2.5200000000000093) (8.519000000000005,2.813000000000003) (8.812000000000008,5.0) (8.519000000000005,7.186999999999998) (5.0,7.479999999999991) (14.699999999999964)
(5.0,7.48999999999999) (1.4619999999999944,7.196999999999997) (1.1689999999999925,5.0) (1.4619999999999944,2.803000000000003) (5.0,2.5100000000000096) (8.538000000000006,2.803000000000003) (8.831000000000007,5.0) (8.538000000000006,7.196999999999997) (5.0,7.48999999999999) (14.799999999999963)
(5.0,7.49999999999999) (1.4429999999999943,7.206999999999997) (1.1499999999999924,5.0) (1.4429999999999943,2.7930000000000033) (5.0,2.5000000000000098) (8.557000000000006,2.7930000000000033) (8.850000000000009,5.0) (8.557000000000006,7.206999999999997) (5.0,7.49999999999999) (14.899999999999963)
(5.0,7.50999999999999) (1.4239999999999942,7.216999999999997) (1.1309999999999922,5.0) (1.4239999999999942,2.7830000000000035) (5.0,2.49000000000001) (8.576000000000006,2.7830000000000035) (8.869000000000007,5.0) (8.576000000000006,7.216999999999997) (5.0,7.50999999999999) (14.999999999999963)
(5.0,7.51999999999999) (1.404999999999994,7.226999999999997) (1.111999999999992,5.0) (1.404999999999994,2.7730000000000037) (5.0,2.48000000000001) (8.595000000000006,2.7730000000000037) (8.888000000000009,5.0) (8.595000000000006,7.226999999999997) (5.0,7.51999999999999) (15.099999999999962)
(5.0,7.52999999999999) (1.385999999999994,7.2369999999999965) (1.092999999999992,5.0) (1.385999999999994,2.763000000000004) (5.0,2.4700000000000104) (8.614000000000006,2.763000000000004) (8.907000000000007,5.0) (8.614000000000006,7.2369999999999965) (5.0,7.52999999999999) (15.199999999999962)
(5.0,7.539999999999989) (1.3669999999999938,7.246999999999996) (1.0739999999999919,5.0) (1.3669999999999938,2.753000000000004) (5.0,2.4600000000000106) (8.633000000000006,2.753000000000004) (8.926000000000009,5.0) (8.633000000000006,7.246999999999996) (5.0,7.539999999999989) (15.299999999999962)
(5.0,7.549999999999989) (1.3479999999999936,7.256999999999996) (1.0549999999999917,5.0) (1.3479999999999936,2.7430000000000043) (5.0,2.450000000000011) (8.652000000000006,2.7430000000000043) (8.945000000000007,5.0) (8.652000000000006,7.256999999999996) (5.0,7.549999999999989) (15.399999999999961)
(5.0,7.559999999999989) (1.3289999999999935,7.266999999999996) (1.0359999999999916,5.0) (1.3289999999999935,2.7330000000000045) (5.0,2.440000000000011) (8.671000000000006,2.7330000000000045) (8.96400000000001,5.0) (8.671000000000006,7.266999999999996) (5.0,7.559999999999989) (15.499999999999961)
(5.0,7.569999999999989) (1.3099999999999934,7.276999999999996) (1.0169999999999915,5.0) (1.3099999999999934,2.7230000000000047) (5.0,2.4300000000000113) (8.690000000000007,2.7230000000000047) (8.983000000000008,5.0) (8.690000000000007,7.276999999999996) (5.0,7.569999999999989) (15.59999999999996)
(5.0,7.5799999999999885) (1.2909999999999933,7.2869999999999955) (0.9979999999999913,5.0) (1.2909999999999933,2.713000000000005) (5.0,2.4200000000000115) (8.709000000000007,2.713000000000005) (9.00200000000001,5.0) (8.709000000000007,7.2869999999999955) (5.0,7.5799999999999885) (15.69999999999996)
(5.0,7.589999999999988) (1.2719999999999931,7.296999999999995) (0.9789999999999912,5.0) (1.2719999999999931,2.703000000000005) (5.0,2.4100000000000117) (8.728000000000007,2.703000000000005) (9.021000000000008,5.0) (8.728000000000007,7.296999999999995) (5.0,7.589999999999988) (15.79999999999996)
(5.0,7.599999999999988) (1.252999999999993,7.306999999999995) (0.9599999999999911,5.0) (1.252999999999993,2.6930000000000054) (5.0,2.400000000000012) (8.747000000000007,2.6930000000000054) (9.04000000000001,5.0) (8.747000000000007,7.306999999999995) (5.0,7.599999999999988) (15.89999999999996)
(5.0,7.609999999999988) (1.2339999999999929,7.316999999999995) (0.940999999999991,5.0) (1.2339999999999929,2.6830000000000056) (5.0,2.390000000000012) (8.766000000000007,2.6830000000000056) (9.059000000000008,5.0) (8.766000000000007,7.316999999999995) (5.0,7.609999999999988) (15.99999999999996)
(5.0,7.619999999999988) (1.2149999999999928,7.326999999999995) (0.9219999999999908,5.0) (1.2149999999999928,2.673000000000006) (5.0,2.3800000000000123) (8.785000000000007,2.673000000000006) (9.07800000000001,5.0) (8.785000000000007,7.326999999999995) (5.0,7.619999999999988) (16.09999999999996)
(5.0,7.6299999999999875) (1.1959999999999926,7.336999999999994) (0.9029999999999907,5.0) (1.1959999999999926,2.663000000000006) (5.0,2.3700000000000125) (8.804000000000007,2.663000000000006) (9.097000000000008,5.0) (8.804000000000007,7.336999999999994) (5.0,7.6299999999999875) (16.19999999999996)
(5.0,7.639999999999987) (1.1769999999999925,7.346999999999994) (0.8839999999999906,5.0) (1.1769999999999925,2.6530000000000062) (5.0,2.3600000000000128) (8.823000000000008,2.6530000000000062) (9.11600000000001,5.0) (8.823000000000008,7.346999999999994) (5.0,7.639999999999987) (16.29999999999996)
(5.0,7.649999999999987) (1.1579999999999924,7.356999999999994) (0.8649999999999904,5.0) (1.1579999999999924,2.6430000000000065) (5.0,2.350000000000013) (8.842000000000008,2.6430000000000065) (9.135000000000009,5.0) (8.842000000000008,7.356999999999994) (5.0,7.649999999999987) (16.399999999999963)
(5.0,7.659999999999987) (1.1389999999999922,7.366999999999994) (0.8459999999999903,5.0) (1.1389999999999922,2.6330000000000067) (5.0,2.340000000000013) (8.861000000000008,2.6330000000000067) (9.15400000000001,5.0) (8.861000000000008,7.366999999999994) (5.0,7.659999999999987) (16.499999999999964)
(5.0,7.669999999999987) (1.1199999999999921,7.376999999999994) (0.8269999999999902,5.0) (1.1199999999999921,2.623000000000007) (5.0,2.3300000000000134) (8.880000000000008,2.623000000000007) (9.173000000000009,5.0) (8.880000000000008,7.376999999999994) (5.0,7.669999999999987) (16.599999999999966)
(5.0,7.679999999999986) (1.100999999999992,7.386999999999993) (0.8079999999999901,5.0) (1.100999999999992,2.613000000000007) (5.0,2.3200000000000136) (8.899000000000008,2.613000000000007) (9.19200000000001,5.0) (8.899000000000008,7.386999999999993) (5.0,7.679999999999986) (16.699999999999967)
(5.0,7.689999999999986) (1.0819999999999919,7.396999999999993) (0.7889999999999899,5.0) (1.0819999999999919,2.6030000000000073) (5.0,2.310000000000014) (8.918000000000008,2.6030000000000073) (9.21100000000001,5.0) (8.918000000000008,7.396999999999993) (5.0,7.689999999999986) (16.79999999999997)
(5.0,7.699999999999986) (1.0629999999999917,7.406999999999993) (0.7699999999999898,5.0) (1.0629999999999917,2.5930000000000075) (5.0,2.300000000000014) (8.937000000000008,2.5930000000000075) (9.230000000000011,5.0) (8.937000000000008,7.406999999999993) (5.0,7.699999999999986) (16.89999999999997)
(5.0,7.709999999999986) (1.0439999999999916,7.416999999999993) (0.7509999999999897,5.0) (1.0439999999999916,2.5830000000000077) (5.0,2.2900000000000142) (8.956000000000008,2.5830000000000077) (9.24900000000001,5.0) (8.956000000000008,7.416999999999993) (5.0,7.709999999999986) (16.99999999999997)
(5.0,7.7199999999999855) (1.0249999999999915,7.4269999999999925) (0.7319999999999895,5.0) (1.0249999999999915,2.573000000000008) (5.0,2.2800000000000145) (8.975000000000009,2.573000000000008) (9.268000000000011,5.0) (8.975000000000009,7.4269999999999925) (5.0,7.7199999999999855) (17.099999999999973)
(5.0,7.729999999999985) (1.0059999999999913,7.436999999999992) (0.7129999999999894,5.0) (1.0059999999999913,2.563000000000008) (5.0,2.2700000000000147) (8.994000000000009,2.563000000000008) (9.28700000000001,5.0) (8.994000000000009,7.436999999999992) (5.0,7.729999999999985) (17.199999999999974)
(5.0,7.739999999999985) (0.9869999999999912,7.446999999999992) (0.6939999999999893,5.0) (0.9869999999999912,2.5530000000000084) (5.0,2.260000000000015) (9.013000000000009,2.5530000000000084) (9.306000000000012,5.0) (9.013000000000009,7.446999999999992) (5.0,7.739999999999985) (17.299999999999976)
(5.0,7.749999999999985) (0.9679999999999911,7.456999999999992) (0.6749999999999892,5.0) (0.9679999999999911,2.5430000000000086) (5.0,2.250000000000015) (9.032000000000009,2.5430000000000086) (9.32500000000001,5.0) (9.032000000000009,7.456999999999992) (5.0,7.749999999999985) (17.399999999999977)
(5.0,7.759999999999985) (0.948999999999991,7.466999999999992) (0.655999999999989,5.0) (0.948999999999991,2.533000000000009) (5.0,2.2400000000000153) (9.051000000000009,2.533000000000009) (9.344000000000012,5.0) (9.051000000000009,7.466999999999992) (5.0,7.759999999999985) (17.49999999999998)
(5.0,7.7699999999999845) (0.9299999999999908,7.476999999999991) (0.6369999999999889,5.0) (0.9299999999999908,2.523000000000009) (5.0,2.2300000000000155) (9.07000000000001,2.523000000000009) (9.36300000000001,5.0) (9.07000000000001,7.476999999999991) (5.0,7.7699999999999845) (17.59999999999998)
(5.0,7.779999999999984) (0.9109999999999907,7.486999999999991) (0.6179999999999888,5.0) (0.9109999999999907,2.5130000000000092) (5.0,2.2200000000000157) (9.08900000000001,2.5130000000000092) (9.382000000000012,5.0) (9.08900000000001,7.486999999999991) (5.0,7.779999999999984) (17.69999999999998)
(5.0,7.789999999999984) (0.8919999999999906,7.496999999999991) (0.5989999999999887,5.0) (0.8919999999999906,2.5030000000000094) (5.0,2.210000000000016) (9.10800000000001,2.5030000000000094) (9.40100000000001,5.0) (9.10800000000001,7.496999999999991) (5.0,7.789999999999984) (17.799999999999983)
(5.0,7.799999999999984) (0.8729999999999905,7.506999999999991) (0.5799999999999885,5.0) (0.8729999999999905,2.4930000000000097) (5.0,2.200000000000016) (9.12700000000001,2.4930000000000097) (9.420000000000012,5.0) (9.12700000000001,7.506999999999991) (5.0,7.799999999999984) (17.899999999999984)
(5.0,7.809999999999984) (0.8539999999999903,7.516999999999991) (0.5609999999999884,5.0) (0.8539999999999903,2.48300000000001) (5.0,2.1900000000000164) (9.14600000000001,2.48300000000001) (9.43900000000001,5.0) (9.14600000000001,7.516999999999991) (5.0,7.809999999999984) (17.999999999999986)
(5.0,7.819999999999983) (0.8349999999999902,7.52699999999999) (0.5419999999999883,5.0) (0.8349999999999902,2.47300000000001) (5.0,2.1800000000000166) (9.16500000000001,2.47300000000001) (9.458000000000013,5.0) (9.16500000000001,7.52699999999999) (5.0,7.819999999999983) (18.099999999999987)
(5.0,7.829999999999983) (0.8159999999999901,7.53699999999999) (0.5229999999999881,5.0) (0.8159999999999901,2.4630000000000103) (5.0,2.170000000000017) (9.18400000000001,2.4630000000000103) (9.477000000000011,5.0) (9.18400000000001,7.53699999999999) (5.0,7.829999999999983) (18.19999999999999)
(5.0,7.839999999999983) (0.7969999999999899,7.54699999999999) (0.503999999999988,5.0) (0.7969999999999899,2.4530000000000105) (5.0,2.160000000000017) (9.20300000000001,2.4530000000000105) (9.496000000000013,5.0) (9.20300000000001,7.54699999999999) (5.0,7.839999999999983) (18.29999999999999)
(5.0,7.849999999999983) (0.7779999999999898,7.55699999999999) (0.4849999999999879,5.0) (0.7779999999999898,2.4430000000000107) (5.0,2.1500000000000172) (9.22200000000001,2.4430000000000107) (9.515000000000011,5.0) (9.22200000000001,7.55699999999999) (5.0,7.849999999999983) (18.39999999999999)
(5.0,7.859999999999983) (0.7589999999999897,7.5669999999999895) (0.46599999999998776,5.0) (0.7589999999999897,2.433000000000011) (5.0,2.1400000000000174) (9.24100000000001,2.433000000000011) (9.534000000000013,5.0) (9.24100000000001,7.5669999999999895) (5.0,7.859999999999983) (18.499999999999993)
(5.0,7.869999999999982) (0.7399999999999896,7.576999999999989) (0.44699999999998763,5.0) (0.7399999999999896,2.423000000000011) (5.0,2.1300000000000177) (9.26000000000001,2.423000000000011) (9.553000000000011,5.0) (9.26000000000001,7.576999999999989) (5.0,7.869999999999982) (18.599999999999994)
(5.0,7.879999999999982) (0.7209999999999894,7.586999999999989) (0.4279999999999875,5.0) (0.7209999999999894,2.4130000000000114) (5.0,2.120000000000018) (9.27900000000001,2.4130000000000114) (9.572000000000013,5.0) (9.27900000000001,7.586999999999989) (5.0,7.879999999999982) (18.699999999999996)
(5.0,7.889999999999982) (0.7019999999999893,7.596999999999989) (0.4089999999999874,5.0) (0.7019999999999893,2.4030000000000116) (5.0,2.110000000000018) (9.29800000000001,2.4030000000000116) (9.591000000000012,5.0) (9.29800000000001,7.596999999999989) (5.0,7.889999999999982) (18.799999999999997)
(5.0,7.899999999999982) (0.6829999999999892,7.606999999999989) (0.38999999999998725,5.0) (0.6829999999999892,2.393000000000012) (5.0,2.1000000000000183) (9.31700000000001,2.393000000000012) (9.610000000000014,5.0) (9.31700000000001,7.606999999999989) (5.0,7.899999999999982) (18.9)
(5.0,7.9099999999999815) (0.663999999999989,7.6169999999999884) (0.3709999999999871,5.0) (0.663999999999989,2.383000000000012) (5.0,2.0900000000000185) (9.336000000000011,2.383000000000012) (9.629000000000012,5.0) (9.336000000000011,7.6169999999999884) (5.0,7.9099999999999815) (19.0)
(5.0,7.919999999999981) (0.6449999999999889,7.626999999999988) (0.351999999999987,5.0) (0.6449999999999889,2.373000000000012) (5.0,2.0800000000000187) (9.355000000000011,2.373000000000012) (9.648000000000014,5.0) (9.355000000000011,7.626999999999988) (5.0,7.919999999999981) (19.1)
(5.0,7.929999999999981) (0.6259999999999888,7.636999999999988) (0.33299999999998686,5.0) (0.6259999999999888,2.3630000000000124) (5.0,2.070000000000019) (9.374000000000011,2.3630000000000124) (9.667000000000012,5.0) (9.374000000000011,7.636999999999988) (5.0,7.929999999999981) (19.200000000000003)
(5.0,7.939999999999981) (0.6069999999999887,7.646999999999988) (0.31399999999998673,5.0) (0.6069999999999887,2.3530000000000126) (5.0,2.060000000000019) (9.393000000000011,2.3530000000000126) (9.686000000000014,5.0) (9.393000000000011,7.646999999999988) (5.0,7.939999999999981) (19.300000000000004)
(5.0,7.949999999999981) (0.5879999999999885,7.656999999999988) (0.2949999999999866,5.0) (0.5879999999999885,2.343000000000013) (5.0,2.0500000000000194) (9.412000000000011,2.343000000000013) (9.705000000000013,5.0) (9.412000000000011,7.656999999999988) (5.0,7.949999999999981) (19.400000000000006)
(5.0,7.95999999999998) (0.5689999999999884,7.666999999999987) (0.2759999999999865,5.0) (0.5689999999999884,2.333000000000013) (5.0,2.0400000000000196) (9.431000000000012,2.333000000000013) (9.724000000000014,5.0) (9.431000000000012,7.666999999999987) (5.0,7.95999999999998) (19.500000000000007)
(5.0,7.96999999999998) (0.5499999999999883,7.676999999999987) (0.25699999999998635,5.0) (0.5499999999999883,2.3230000000000133) (5.0,2.03000000000002) (9.450000000000012,2.3230000000000133) (9.743000000000013,5.0) (9.450000000000012,7.676999999999987) (5.0,7.96999999999998) (19.60000000000001)
(5.0,7.97999999999998) (0.5309999999999881,7.686999999999987) (0.23799999999998622,5.0) (0.5309999999999881,2.3130000000000135) (5.0,2.02000000000002) (9.469000000000012,2.3130000000000135) (9.762000000000015,5.0) (9.469000000000012,7.686999999999987) (5.0,7.97999999999998) (19.70000000000001)
(5.0,7.98999999999998) (0.511999999999988,7.696999999999987) (0.2189999999999861,5.0) (0.511999999999988,2.3030000000000137) (5.0,2.01000000000002) (9.488000000000012,2.3030000000000137) (9.781000000000013,5.0) (9.488000000000012,7.696999999999987) (5.0,7.98999999999998) (19.80000000000001)
(5.0,7.99999999999998) (0.4929999999999879,7.7069999999999865) (0.19999999999998597,5.0) (0.4929999999999879,2.293000000000014) (5.0,2.0000000000000204) (9.507000000000012,2.293000000000014) (9.800000000000015,5.0) (9.507000000000012,7.7069999999999865) (5.0,7.99999999999998) (19.900000000000013)
